丁丁,zhēng zhēng,ㄓㄥ ㄓㄥ,狀聲詞：(1)​ 形容伐木的聲音。詩經．小雅．伐木：「伐木丁丁，鳥鳴嚶嚶。」(2)​ 形容下雨的聲音。唐．元稹．景申秋詩八首之三：「嗢嗢簷霤凝，丁丁窗雨繁。」(3)​ 形容樂器彈奏的聲音。唐．許渾．聽琵琶詩：「欲寫明妃萬里情，紫槽紅撥夜丁丁。」(4)​ 形容下棋的聲音。宋．王禹偁．黃州新建小竹樓記：「宜圍棋，子聲丁丁然。」
丸丸,NA,NA,"NA"
亂離,luàn lí,ㄌㄨㄢˋ ㄌㄧˊ,遭戰亂而離散逃亡。詩經．小雅．四月：「亂離瘼矣，爰其適歸。」後漢書．卷八十四．列女傳．董祀妻傳：「感傷亂離，追懷悲憤。」
于嗟,xū jiē,ㄒㄩ ㄐㄧㄝ,嘆息之辭。史記．卷六十一．伯夷傳：「登彼西山兮，采其薇矣。以暴易暴兮，不知其非矣。神農、虞、夏，忽焉沒兮，我安適歸矣？于嗟徂兮，命之衰矣！」
于嗟乎,NA,NA,"NA"
交交,NA,NA,"NA"
京京,jīng jīng,ㄐㄧㄥ ㄐㄧㄥ,憂愁不絕的樣子。詩經．小雅．正月：「念我獨兮，憂心京京。」後漢書．卷五．孝安帝紀：「夙夜克己，憂心京京。」
亹亹,wěi wěi,ㄨㄟˇ ㄨㄟˇ,連續而不倦怠。詩經．大雅．文王：「亹亹文王，令聞不已。」三國演義．第六十九回：「輅亹亹而談，言言精奧。」往前進的樣子。楚辭．宋玉．九辯:「時亹亹而過中兮，蹇淹留而無成。」
仇仇,qiú qiú,ㄑㄧㄡˊ ㄑㄧㄡˊ,傲慢的樣子。詩經．小雅．正月：「執我仇仇，亦不我力。」
仡仡,yì yì,ㄧˋ ㄧˋ,勇壯的樣子。書經．泰誓：「仡仡勇夫，射御不違。」漢書．卷七十五．李尋傳：「昔秦穆公說諓諓之言，任仡仡之勇，身受大辱，社稷幾亡。」高大的樣子。詩經．大雅．皇矣：「臨衝茀茀，崇墉仡仡。」
令令,NA,NA,"NA"
伎伎,jì jì,ㄐㄧˋ ㄐㄧˋ,步行舒緩的樣子。詩經．小雅．小弁：「鹿斯之奔，維足伎伎。」
休休,xiū xiū,ㄒㄧㄡ ㄒㄧㄡ,喜樂正道。詩經．唐風．蟋蟀：「好樂無荒，良士休休。」寬容、好善。書經．秦誓：「其心休休焉，其如有容。」退休。唐司空圖退隱，題其所建亭名為休休，見舊唐書．卷一九○．文苑傳下．司空圖傳。故以休休為退休意。宋．辛棄疾．鷓鴣天．枕簟溪堂冷欲秋詞：「書咄咄，且休休，一丘一壑也風流。」失意、失志。宋．李清照．鳳凰臺上憶吹簫．香冷金猊詞：「休休，者回去也，千萬遍陽關，也則難留。」狀聲詞。形容喘息、呼氣的聲音。聊齋志異．卷二．阿寶：「生臥三日，氣休休若將澌滅。」酒氣發散，使人肢體舒暢。宋．蘇軾．沐浴啟聖僧舍與趙德麟邂逅詩：「酒清不醉休休暖，睡穩如禪息息勻。」
伴奐,NA,NA,"NA"
伾伾,pī pī,ㄆㄧ ㄆㄧ,形容有力的樣子。詩經．魯頌．駉：「有騂有騏，以車伾伾。」
佌佌,cǐ cǐ,ㄘˇ ㄘˇ,小的樣子。詩經．小雅．正月：「佌佌彼有屋，蔌蔌方有穀。」
佗佗,tuó tuó,ㄊㄨㄛˊ ㄊㄨㄛˊ,雍容自得的樣子。詩經．鄘風．君子偕老：「委委佗佗，如山如河。」錯綜複雜的樣子。史記．卷一一七．司馬相如傳：「與其窮極倦欲，驚憚慴伏，不被創刃而死者，佗佗籍籍，填坑滿谷，揜平彌澤。」
佻佻,tiáo tiáo,ㄊㄧㄠˊ ㄊㄧㄠˊ,獨行的樣子。詩經．小雅．大東：「佻佻公子，行彼周行。」
依依,yī yī,ㄧ ㄧ,枝葉柔弱的樣子。詩經．小雅．采薇：「昔我往矣，楊柳依依；今我來思，雨雪霏霏。」留戀不捨的樣子。唐．王維．渭川田家詩：「田夫荷鋤至，相見語依依。」如：「依依不捨」。想念、思慕。文選．李陵．答蘇武書：「望風懷想，能不依依。」依稀、隱約。晉．陶淵明．歸園田居詩五首之一：「曖曖遠人村，依依墟里煙。」
俁俁,NA,NA,"NA"
俅俅,qiú qiú,ㄑㄧㄡˊ ㄑㄧㄡˊ,恭順的樣子。詩經．周頌．絲衣：「絲衣其紑，載弁俅俅。」
俟俟,sì sì,ㄙˋ ㄙˋ,野獸徐行的樣子。詩經．小雅．吉日：「儦儦俟俟，或群或友。」
倉兄,NA,NA,"NA"
偃仰,yǎn yǎng,ㄧㄢˇ ㄧㄤˇ,俯仰。詩經．小雅．北山：「或棲遲偃仰，或王事鞅掌。」
偕偕,xié xié,ㄒㄧㄝˊ ㄒㄧㄝˊ,強壯的樣子。詩經．小雅．北山：「偕偕士子，朝夕從事。」
傍傍,NA,NA,"NA"
傞傞,suō suō,ㄙㄨㄛ ㄙㄨㄛ,醉舞的樣子。詩經．小雅．賓之初筵：「側弁之俄，屢舞傞傞。」
僊僊,NA,NA,"NA"
僛僛,qī qī,ㄑㄧ ㄑㄧ,形容人姿勢傾斜不能自正。詩經．小雅．賓之初筵：「亂我籩豆，屢舞僛僛。」
僮僮,tóng tóng,ㄊㄨㄥˊ ㄊㄨㄥˊ,戒懼恭敬的樣子。詩經．召南．采蘩：「被之僮僮，夙夜在公；被之祈祈，薄言還歸。」
儦儦,biāo biāo,ㄅㄧㄠ ㄅㄧㄠ,行人眾多的樣子。詩經．齊風．載驅：「汶水滔滔，行人儦儦。」
優優,yōu yōu,ㄧㄡ ㄧㄡ,和樂的樣子。詩經．商頌．長發：「敷政優優，百祿是遒。」寬裕的樣子。禮記．中庸：「優優大哉，禮儀三百，威儀三千。」
優游,yōu yóu,ㄧㄡ ㄧㄡˊ,閒暇自得的樣子。詩經．大雅．卷阿：「伴奐爾游矣，優游爾休矣。」明．江盈科．雪濤小說．妄心：「我與爾優游以終餘年，不亦快乎？」反忙碌、匆忙或作「優繇」、「優遊」。委心任運。淮南子．本經：「古之人同氣于天地，與一世而優游。」猶豫不決的樣子。尚書大傳．卷四．康誥：「周公將作禮樂，優游之三年不能作。」漢書．卷五十八．兒寬傳：「今將舉大事，優游數年，使群臣得人自盡，終莫能成。」寬裕、有餘裕。淮南子．俶真：「由此觀之，物莫不生於有也，小大優游矣。」宋．蕭德藻．樵夫詩：「一擔乾柴古渡頭，盤纏一日頗優游。」廣大、寬廣。楚辭．屈原．九章．惜往日：「封介山而為之禁兮，報大德之優游。」閒暇自得的樣子。後漢書．卷六十八．符融傳：「融同郡田盛，字仲嚮，與郭林宗同好，亦名知人，優遊不仕，並以壽終。」亦作「優游」。古代車上的用具。南齊書．卷十七．輿服志：「玉輅，漆畫輪，兩廂上望板前優遊。」
兢兢,jīng jīng,ㄐㄧㄥ ㄐㄧㄥ,小心謹慎的樣子。書經．皋陶謨：「無教逸欲有邦，兢兢業業，一日二日萬幾。」
冥冥,míng míng,ㄇㄧㄥˊ ㄇㄧㄥˊ,遠空。唐．杜甫．寄韓諫議注詩：「鴻飛冥冥日月白，青楓葉赤天雨霜。」幽暗、晦暗。文選．江淹．雜體詩．潘黃門：「夢寐復冥冥，何由覿爾形。」唐．張籍．猛虎行：「南山北山樹冥冥，猛虎白日繞村行。」私下、暗中。荀子．修身：「行乎冥冥而施乎無報，而賢不肖一焉。」鬼魂所在之處。如：「下合冥冥」。
冥冥,míng míng,ㄇㄧㄥˊ ㄇㄧㄥˊ,遠空。唐．杜甫．寄韓諫議注詩：「鴻飛冥冥日月白，青楓葉赤天雨霜。」幽暗、晦暗。文選．江淹．雜體詩．潘黃門：「夢寐復冥冥，何由覿爾形。」唐．張籍．猛虎行：「南山北山樹冥冥，猛虎白日繞村行。」私下、暗中。荀子．修身：「行乎冥冥而施乎無報，而賢不肖一焉。」鬼魂所在之處。如：「下合冥冥」。
凜然,NA,NA,"NA"
凝情,NA,NA,"NA"
几几,jǐ jǐ,ㄐㄧˇ ㄐㄧˇ,安和穩重的樣子。詩經．豳風．狼跋：「公孫碩膚，赤舄几几。」
切切,qiè qiè,ㄑㄧㄝˋ ㄑㄧㄝˋ,情意真誠懇切。論語．子路：「朋友切切偲偲，兄弟怡怡。」深切的。西遊記．第三十二回：「行者聞言，把功曹叱退，切切在心。」初刻拍案驚奇．卷二十三：「行修見說得奇怪，切切記之于心。」十分憂怨哀傷。南朝梁．江淹．傷愛子賦：「形惸惸而外施，心切切而內圮。」唐．韋夏卿．別張賈詩：「切切別思纏，蕭蕭征騎煩。」懷念、思念。唐．張九齡．西江夜行詩：「悠悠天宇曠，切切故鄉情。」元．鄭光祖．倩女離魂．第二折：「使小生切切于懷，放心不下。」狀聲詞：(1)​ 形容聲音悲切。宋．歐陽修．秋聲賦：「淒淒切切，呼號憤發。」(2)​形容聲音細小。唐．白居易．琵琶行：「大弦嘈嘈如急雨，小弦切切如私語。」告誡、叮嚀的語辭。多用在公文末尾。如：「切切毋違」。近千萬
勉勉,NA,NA,"NA"
匍匐,pú fú,ㄆㄨˊ ㄈㄨˊ,手足伏地爬行。莊子．秋水：「不聞夫壽陵餘子之學行於邯鄲與？未得國能，又失其故行矣！直匍匐而歸耳。」明．馬中錫．中山狼傳：「先生伏質就地，匍匐以進。」近蒲伏、爬行、膝行亦作「匍伏」、「蒲伏」、「蒲服」。比喻急遽、盡力。詩經．邶風．谷風：「凡民有喪，匍匐救之。」文選．劉琨．答盧諶詩：「裹糧攜弱，匍匐星奔。」
卬卬,áng áng,ㄤˊ ㄤˊ,興盛的樣子。詩經．大雅．卷阿：「顒顒卬卬，如圭如章。」高昂的樣子。荀子．賦：「卬卬兮，天下之咸蹇也。」
厭厭,yān yān,ㄧㄢ ㄧㄢ,安靜的樣子。詩經．小雅．湛露：「厭厭夜飲，不醉無歸。」茂盛的樣子。詩經．周頌．載芟：「厭厭其苗，綿綿其麃。」露水重的樣子。元．鄭光祖．倩女離魂．第二折：「趁著這厭厭露華，對著這澄澄月下，驚的那呀呀呀寒鴈起平沙。」暗淡、微弱的樣子。漢書．卷七十五．李尋傳：「列星皆失色，厭厭如滅。」虛弱生病的樣子。元．白樸．東牆記．第一折：「早是這兩日茶飯不進，厭厭瘦削。」初刻拍案驚奇．卷十六：「只是王氏生來嬌怯，厭厭弱病嘗不離身的。」亦作「懨懨」。
參差,cēn cī,ㄘㄣ ㄘ,雜亂不齊的樣子。詩經．周南．關雎：「參差荇菜，左右流之。」北魏．酈道元．水經注．江水注：「其間遠望，勢交嶺表，有五六峰，參差互出。」反整齊不一致、有問題。初刻拍案驚奇．卷二十九：「有甚麼說話參差了？不然或是女孩兒家貪睡，忘記了。」儒林外史．第八回：「為這交盤的事，彼此參差著，王太守不肯就接。」大約、幾乎。唐．白居易．長恨歌：「中有一人字太真，雪膚花貌參差是。」宋．辛棄疾．水龍吟．老來曾識淵明詞：「老來曾識淵明，夢中一見參差是。」
反反,fàn fàn,ㄈㄢˋ ㄈㄢˋ,態度莊重的樣子。詩經．周頌．執競：「威儀反反，既醉既飽，福祿來反。」詩經．小雅．賓之初筵：「其未醉止，威儀反反。」
叟叟,sōu sōu,ㄙㄡ ㄙㄡ,狀聲詞。形容淘米的聲音。詩經．大雅．生民：「釋之叟叟，烝之浮浮。」亦作「溲溲」。
呦呦,yōu yōu,ㄧㄡ ㄧㄡ,狀聲詞。形容鹿鳴聲。詩經．小雅．鹿鳴：「呦呦鹿鳴，食野之苹。」唐．李頎．聽董大彈胡笳兼寄語弄房給事詩：「迸泉颯颯飛木末，野鹿呦呦走堂下。」
咽咽,NA,NA,"NA"
哀哀,āi āi,ㄞ ㄞ,形容悲傷不已的樣子。詩經．小雅．蓼莪：「哀哀父母，生我勞瘁。」文選．潘岳．馬汧督誄：「哀哀建威，身伏斧質。」
唧唧,jí jí,ㄐㄧˊ ㄐㄧˊ,狀聲詞：(1)​ 形容機杼聲或嘆息聲。南朝梁．無名氏．木蘭詩二首之一：「唧唧復唧唧，木蘭當戶織。不聞機杼聲，唯聞女歎息。」(2)​ 形容嘆息聲。唐．白居易．琵琶行：「我聞琵琶已嘆息，又聞此語重唧唧。」(3)​ 形容蟲鳴聲。唐．王維．青雀歌：「猶勝黃雀爭上下，唧唧空倉復若何。」唐．李郢．宿杭州虛白堂詩：「秋月斜明虛白堂，寒蛩唧唧樹蒼蒼。」(4)​ 形容鳥鳴聲。唐．劉禹錫．鶗鴂吟：「如何上春日，唧唧滿庭飛。」(5)​ 形容哭泣聲。宋．蘇軾．岐亭詩五首之一：「醒時夜向闌，唧唧銅缾泣。」
唪唪,fěng fěng,ㄈㄥˇ ㄈㄥˇ,多實的樣子。詩經．大雅．生民：「蓺之荏菽，荏菽旆旆，禾役穟穟，麻麥幪幪，瓜瓞唪唪。」
唯唯,wěi wěi,ㄨㄟˇ ㄨㄟˇ,恭敬應諾之詞。漢書．卷五十七．司馬相如傳上：「齊王曰：『雖然，略以子之所聞見言之。』僕對曰：『唯唯。臣聞楚有七澤，嘗見其一，未睹其餘也。』」聊齋志異．卷十一．王者：「明日，衣冠者召之去，曰：『今日可見矣。』州佐唯唯。」
啍啍,tūn tūn,ㄊㄨㄣ ㄊㄨㄣ,遲重緩慢的樣子。詩經．王風．大車：「大車啍啍，毳衣如璊。」多言。孔子家語．卷一．五儀解：「無取啍啍，捷捷貪也，鉗鉗亂也，啍啍誕也。」
啾啾,jiū jiū,ㄐㄧㄡ ㄐㄧㄡ,狀聲詞：(1)​ 形容蟲鳴聲。楚辭．淮南小山．招隱士：「蟪蛄吟兮啾啾。」(2)​ 形容鳥鳴聲。唐．杜甫．枯椶詩：「啾啾黃雀啄，側見塞蓬走。」(3)​ 形容馬鳴聲。南朝梁．無名氏．木蘭詩二首之一：「不聞爺孃喚女聲，但聞燕山胡騎聲啾啾。」(4)​ 形容鈴聲。楚辭．屈原．離騷：「揚雲霓之晻藹兮，鳴玉鸞之啾啾。」(5)​ 形容各種尖細淒切的聲音。唐．杜甫．兵車行：「新鬼煩冤舊鬼哭，天陰雨溼聲啾啾。」
喈喈,jiē jiē,ㄐㄧㄝ ㄐㄧㄝ,狀聲詞：(1)​ 形容和諧的鐘鼓聲。詩經．小雅．鼓鐘：「鼓鐘喈喈，淮水湝湝，憂心且悲。」(2)​ 形容鳥鳴聲。詩經．周南．葛覃：「黃鳥于飛，集于灌木，其鳴喈喈。」(3)​ 形容鸞鈴聲。詩經．大雅．蒸民：「四牡騤騤，八鸞喈喈。」
喓喓,yāo yāo,ㄧㄠ ㄧㄠ,狀聲詞。形容蟲鳴聲。詩經．召南．草蟲：「喓喓草蟲，趯趯阜螽。」
喤喤,huáng huáng,ㄏㄨㄤˊ ㄏㄨㄤˊ,狀聲詞：(1)​ 形容小孩的啼哭聲。詩經．小雅．斯干：「乃生男子，載寢之床，載衣之裳，載弄之璋，其泣喤喤。」(2)​ 形容聲音洪亮而和諧。詩經．周頌．執競 :「鐘鼓喤喤，磬筦將將。」
喧喧,NA,NA,"NA"
嗚呼,wū hū,ㄨ ㄏㄨ,感嘆詞。書經．五子之歌：「嗚呼曷歸，予懷之悲。」近於乎、於戲或作「於乎」、「於戲」、「烏乎」、「烏呼」、「烏虖」、「嗚虖」。讚嘆詞。書經．旅獒：「嗚呼！明王慎德，四夷咸賓。」借指死亡。紅樓夢．第十六回：「自己氣的老病發作，三五日光景，嗚呼死了。」
嗟嗟,jiē jiē,ㄐㄧㄝ ㄐㄧㄝ,表讚嘆的語氣詞。詩經．商頌．烈祖：「嗟嗟烈祖，有秩斯祜。」表悲嘆的語氣詞。楚辭．屈原．九章．悲回風：「曾歔欷之嗟嗟兮，獨隱伏而思慮。」狀聲詞。形容水流聲。北魏．酈道元．水經注．河水注：「今惟見水異耳，嗟嗟有聲，聲聞數里。」
嗷嗷,áo áo,ㄠˊ ㄠˊ,狀聲詞：(1)​ 形容哀號聲。詩經．小雅．鴻鴈：「鴻鴈于飛，哀鳴嗷嗷。」宋．歐陽修．綠竹堂獨飲詩：「殘花不共一日看，東風送哭聲嗷嗷。」(2)​ 形容眾口嘈雜聲。漢書．卷三十六．楚元王劉交傳：「無罪無辜，讒口嗷嗷。」或作「熬熬」。
嘈嘈,cáo cáo,ㄘㄠˊ ㄘㄠˊ,聲音雜亂。唐．白居易．琵琶行：「大弦嘈嘈如急雨，小弦切切如私語。」喧鬧、吵鬧。兒女英雄傳．第十五回：「我今日遇見這等一個知己愚兄，就喝口酒，……竟跟著嘈嘈，又說這東西，怎麼犯脾溼。」
嘒嘒,huì huì,ㄏㄨㄟˋ ㄏㄨㄟˋ,狀聲詞。形容蟬鳴聲。詩經．小雅．小弁：「菀彼柳斯，鳴蜩嘒嘒。」聲音和諧中節。詩經．小雅．采菽：「其旂淠淠，鸞聲嘒嘒。」
嘔啞,ōu yā,ㄡ ㄧㄚ,狀聲詞：(1)​ 形容小兒學語聲。唐．白居易．念金鑾子詩二首之一：「況念夭札時，嘔啞初學語。」(2)​ 形容管樂聲。唐．杜牧．阿房宮賦：「管絃嘔啞，多於市人之言語。」(3)​ 形容鳥鳴聲。宋．歐陽修．贈無為軍李道士詩二首之二：「李師一彈鳳皇聲，空山百鳥停嘔啞。」(4)​ 形容車輪滾動聲。唐．曹鄴．四怨詩之四：「手推嘔啞車，朝朝暮暮耕。」(5)​ 形容船櫓聲。唐．胡宿．趙宗道歸輦下詩：「江浦嘔啞風送櫓，河橋勃翠柳垂堤。」宋．陸游．鷓鴣天．嬾向青門學種瓜詞：「歌縹緲，艣嘔啞，酒如清露鮓如花。」或作「嘔軋」。
嘲哳,cháo zhá,ㄔㄠˊ ㄓㄚˊ,細碎、吵雜的聲音。文選．潘岳．藉田賦：「簫管嘲哳以啾嘈兮，鼓鞞𥐪隱以砰礚。」唐．白居易．琵琶行：「豈無山歌與村笛，嘔啞嘲哳難為聽。」
嘵嘵,xiāo xiāo,ㄒㄧㄠ ㄒㄧㄠ,恐懼聲。詩經．豳風．鴟鴞：「予室翹翹，風雨所漂搖，予維音嘵嘵。」爭辯聲。唐．韓愈．重答張籍書：「擇其可語者誨之，猶時與吾悖，其聲嘵嘵。」多言的樣子。初刻拍案驚奇．卷一：「口中嘵嘵說：『悔氣！來得遲了。』」聊齋志異．卷十．胭脂：「彼嘵嘵者直以桎梏靜之，何怪覆盆之下多沉冤哉！」
嘽嘽,tān tān,ㄊㄢ ㄊㄢ,牲畜喘息的樣子。詩經．小雅．四牡：「四牡騑騑，嘽嘽駱馬。」舒暢喜樂的樣子。詩經．大雅．崧高：「申伯番番，既入于謝，徒御嘽嘽。」眾多。詩經．小雅．釆芑：「戎車嘽嘽，嘽嘽焞焞，如霆如雷。」
噦噦,NA,NA,"NA"
噫嘻,yī xī,ㄧ ㄒㄧ,嘆美詞。詩經．周頌．噫嘻：「噫嘻成王！既昭假爾。」悲嘆聲。宋．歐陽修．秋聲賦：「噫嘻悲哉！此秋聲也！」驚恨聲。史記．卷八十三．魯仲連鄒陽傳：「噫嘻！亦太甚矣，先生之言也！先生又惡能使秦王烹醢梁王？」
噲噲,kuài kuài,ㄎㄨㄞˋ ㄎㄨㄞˋ,寬廣明亮的樣子。詩經．小雅．斯干：「殖殖其庭，有覺其楹。噲噲其正，噦噦其冥。」
嚶嚶,yīng yīng,ㄧㄥ ㄧㄥ,狀聲詞：(1)​ 形容禽鳥和鳴的聲音。詩經．小雅．伐木：「伐木丁丁，鳥鳴嚶嚶。」南朝梁．吳均．與朱元思書：「好鳥相鳴，嚶嚶成韻。」(2)​ 形容低語聲。西遊記．第二十回：「只見一老者，斜倚竹床之上，口裡嚶嚶的念佛。」聊齋志異．卷四．辛十四娘：「聞房內嚶嚶膩語，生乘醉搴簾。」(3)​ 形容低泣聲。聊齋志異．卷一．青鳳：「尾而聽之，訶詬萬端。聞青鳳嚶嚶啜泣。」(4)​ 形容清脆而細的聲音。漢．陳琳．神女賦：「文絳虯之奕奕，鳴玉鸞之嚶嚶。」比喻朋友間志趣相投。文選．謝瞻．於安城答靈運詩：「華萼相光飾，嚶嚶悅同響。」
囂囂,xiāo xiāo,ㄒㄧㄠ ㄒㄧㄠ,無欲自得的樣子。孟子．盡心上：「人知之，亦囂囂；人不知，亦囂囂。」言語紛紜的樣子。詩經．小雅．十月之交：「無罪無辜，讒口囂囂。」
坎坎,kǎn kǎn,ㄎㄢˇ ㄎㄢˇ,擊鼓聲。詩經．小雅．伐木：「坎坎鼓我，蹲蹲舞我。」伐木聲。詩經．魏風．伐檀：「坎坎伐檀兮，寘之河之干兮。」不安的樣子。易經．坎卦：「六三，來之坎坎，險且枕。」空乏的樣子。漢．揚雄．太玄經．窮：「羹無糝，其腹坎坎。」不平。唐．柳宗元．弔屈原文：「哀余衷之坎坎兮，獨蘊憤而增傷。」高興、歡喜。爾雅．釋訓：「坎坎、蹲蹲，喜也。」
塗塗,NA,NA,"NA"
增增,NA,NA,"NA"
夢夢,mèng mèng,ㄇㄥˋ ㄇㄥˋ,昏亂不明。詩經．大雅．抑：「視爾夢夢，我心慘慘。」毛亨．傳：「夢夢，亂也。」
夭夭,yāo yāo,ㄧㄠ ㄧㄠ,少壯美盛的樣子。詩經．周南．桃夭：「桃之夭夭，灼灼其華。」文選．阮籍．詠懷詩十七首之四：「夭夭桃李花，灼灼有輝光。」顏色和悅的樣子。論語．述而：「子之燕居，申申如也，夭夭如也。」
央央,yāng yāng,ㄧㄤ ㄧㄤ,鮮明的樣子。詩經．小雅．出車：「出車彭彭，旂旐央央。」形容和諧的聲音。詩經．周頌．載見：「龍旂陽陽，和鈴央央。」或作「鉠鉠」。廣大。文選．司馬相如．長門賦：「撫柱楣以從容兮，覽曲臺之央央。」
契契,qì qì,ㄑㄧˋ ㄑㄧˋ,憂苦。詩經．小雅．大東：「契契寤歎，哀我憚人。」晉．陶淵明．閑情賦：「改所願而必違，徒契契以苦心。」
契闊,qiè kuò,ㄑㄧㄝˋ ㄎㄨㄛˋ,勤苦。文選．韋曜．博弈論：「勞神苦體，契闊勤思。」分離，相隔。詩經．邶風．擊鼓：「死生契闊，與子成說。」朱熹．集傳：「契闊，隔遠之意。」唐．薛調．無雙傳：「噫！人生之契闊會合多矣，罕有若斯之比。」久別的情懷。後漢書．卷八十一．獨行傳．范冉傳：「行路急卒，非陳契闊之所，可共到前亭宿息，以敘分隔。」
奔奔,NA,NA,"NA"
奕奕,yì yì,ㄧˋ ㄧˋ,多而布散的樣子。詩經．大雅．韓奕：「四牡奕奕，孔脩且張。」美盛的樣子。詩經．小雅．巧言：「奕奕寢廟，君子作之。」文選．謝惠連．秋懷詩：「皎皎天月明，奕奕河宿爛。」煥發的樣子。北齊書．卷十二．武成十二王傳．琅邪王儼傳：「琅邪王眼光奕奕，數步射人。」如：「神采奕奕」。
奮迅,NA,NA,"NA"
好好,hǎo hǎo,ㄏㄠˇ ㄏㄠˇ,很好、完好。水滸傳．第九十八回：「今已三年有餘，尸骸如何兀是好好地？」或作「好好兒」。認真、仔細。水滸傳．第三十七回：「梢公喝道：『你三個好好商量，快回我話。』」或作「好好兒」。平白無故、好端端的。儒林外史．第三回：「你看，這不是瘋了麼？好好到貢院來耍。」或作「好好兒」。盡情的。形容程度深。如：「好好的大吃一頓。」
委委,NA,NA,"NA"
委蛇,wēi yí,ㄨㄟ ㄧˊ,從容自得的樣子。詩經．召南．羔羊：「退食自公，委蛇委蛇。」鄭玄．箋：「委蛇，委曲自得之貌。」蜿蜒曲折的樣子。楚辭．屈原．離騷：「駕八龍之婉婉兮，載雲旗之委蛇。」蛇行，俯伏爬行的樣子。史記．卷六十九．蘇秦傳：「嫂委蛇蒲服，以面掩地而謝。」聊齋志異．卷一．宅妖：「近扶之，膩然而倒，委蛇入壁，移時始沒。」隨順的樣子。莊子．應帝王：「吾與之虛而委蛇。」成玄英．疏：「委蛇，隨順之貌也。」今亦指與人勉強酬應，虛應敷衍的樣子。
娉娉,NA,NA,"NA"
娟娟,juān juān,ㄐㄩㄢ ㄐㄩㄢ,美好、柔美。唐．杜甫．船下夔州郭宿雨溼不得上岸別王十二判官：「依沙宿舸船，石瀨月娟娟。」聊齋志異．卷七．阿英：「遇一二八女郎，姿致娟娟，顧之微笑，似將有言。」細長而彎曲。文選．鮑照．翫月城西門解中詩：「始見西南樓，纖纖如玉鉤。末映東北墀，娟娟似蛾眉。」唐．沈佺期．自昌樂郡泝流至白石嶺下行入郴州詩：「娟娟潭裡虹，渺渺灘邊鶴。」潺潺。細水流動緩慢的樣子。唐．韋莊．夜景詩：「欲把傷心問明月，素娥無語淚娟娟。」
嬋娟,chán juān,ㄔㄢˊ ㄐㄩㄢ,形容姿態曼妙優雅。唐．孟郊．嬋娟篇：「花嬋娟，泛春泉；竹嬋娟，籠曉煙。」元．沈禧．一枝花．天生瑚璉套．梁州曲：「腰肢嫋娜，體態嬋娟。」亦作「嬋媛」。美女、美人。唐．方干．贈趙崇侍御詩：「卻教鸚鵡呼桃葉，便遣嬋娟唱竹枝。」清．孔尚任．桃花扇．第二齣：「一帶妝樓臨水蓋，家家分影照嬋娟。」或稱為「婢娟」。形容月色明媚或指明月。唐．劉長卿．湘妃詩：「嬋娟湘江月，千載空蛾眉。」宋．蘇軾．水調歌頭．明月幾時有詞：「但願人長久，千里共嬋娟」。
嬛嬛,qióng qióng,  ㄑㄩㄥˊ ㄑㄩㄥˊ,孤獨無所依怙的樣子。詩經．周頌．閔予小子：「遭家不造，嬛嬛在疚。」亦作「煢煢」。柔媚的樣子。史記．卷一一七．司馬相如傳：「柔橈嬛嬛。」司馬貞．索隱引郭璞曰：「柔橈嬛嬛，皆骨體耎弱長豔貌也。」
孑孑,jié jié,ㄐㄧㄝˊ ㄐㄧㄝˊ,特出的樣子。詩經．鄘風．干旄：「孑孑干旄，在浚之郊。」細小。唐．韓愈．原道：「彼以煦煦為仁，孑孑為義，其小之也則宜。」孤單。唐．韓愈．食曲河驛詩：「而我抱重罪，孑孑萬里程。親戚頓乖角，圖史棄縱橫。」
孤獨,gū dú,ㄍㄨ ㄉㄨˊ,幼而無父和老而無子的人。禮記．禮運：「矜寡孤獨廢疾者，皆有所養。」荀子．王霸：「百姓有不理者如豪末，則雖孤獨鰥寡，必不加焉。」孤立無援。史記．卷八十三．魯仲連鄒陽傳：「此二人者，皆信必然之畫，捐朋黨之私，挾孤獨之位，故不能自免於嫉妒之人也。」近孤立孤單寂寞。如：「孤獨的滋味，真不好受！」近伶仃、孤單、寂寞
孤高,gū gāo,ㄍㄨ ㄍㄠ,孤立高聳。唐．高適．同諸公登慈恩寺浮圖詩：「登臨駭孤高，披拂欣大壯。」人的性情超脫不俗。唐．李中．獻張拾遺詩：「官資清貴近丹墀，性格孤高世所稀。」
孽孽,NA,NA,"NA"
安安,NA,NA,"NA"
寂寂,jí jí,ㄐㄧˊ ㄐㄧˊ,寂靜無人聲。文選．左思．詠史詩八首之四：「寂寂楊子宅，門無卿相輿。」
密密,mì mì,ㄇㄧˋ ㄇㄧˋ,暗中。儒林外史．第四十一回：「那知縣與江都縣同年相好，就密密的寫了一封書子。」細密、緊密。唐．孟郊．遊子吟：「臨行密密縫，意恐遲遲歸。」
寥落,liáo luò,ㄌㄧㄠˊ ㄌㄨㄛˋ,稀疏。文選．謝朓．京路夜發詩：「曉星正寥落，晨光復泱漭。」近稀疏衰敗、破落。唐．白居易．自河南經亂關內阻饑兄弟離散各在一處因望月有感詩：「田園寥落干戈後，骨肉流離道路中。」冷清，不熱鬧。唐．元稹．行宮詩：「寥落古行宮，宮花寂寞紅。」紅樓夢．第二十三回：「忽想起那大觀園中景致，自己幸過之後，賈政必定敬謹封鎖，不敢使人進去搔擾，豈不寥落？」
實實,NA,NA,"NA"
將將,jiāng jiāng,  ㄐㄧㄤ ㄐㄧㄤ,剛剛好，恰好。老殘遊記．第十八回：「問：『做二十斤，就將將的不多不少嗎？』說：『定的是二十斤，做成了八十三個。』」駕馭將領。史記．卷九十二．淮陰侯傳：「陛下不能將兵，而善將將。」狀聲詞。形容鐘鼓聲。詩經．小雅：「鼓鍾將將，淮水湯湯。」聚集的樣子。荀子．賦：「道德純備，讒口將將。」文選．司馬相如．長門賦：「時仿彿以物類兮，象積石之將將。」高大、壯碩的樣子。詩經．大雅．綿：「迺立應門，應門將將。」
居居,jū jū,ㄐㄩ ㄐㄩ,懷惡不相親附的樣子。詩經．唐風．羔裘：「羔裘豹袪，自我人居居。」安靜的樣子。莊子．盜跖：「神農之世，臥則居居，起則于于。」漢．王充．論衡．自然：「三皇之時，坐者于于，行者居居。」
岧嶤,NA,NA,"NA"
峨峨,é é,ㄜˊ ㄜˊ,高聳的樣子。文選．司馬相如．上林賦：「九嵕巀嶭，南山峨峨。」容儀壯盛的樣子。詩經．大雅．棫樸：「奉璋峨峨，髦士攸宜。」美好的樣子。文選．宋玉．神女賦：「其狀峨峨，何可極言。」
崔崔,cuī cuī,ㄘㄨㄟ ㄘㄨㄟ,高大的樣子。詩經．齊風．南山：「南山崔崔，雄狐綏綏。」
崔嵬,cuī wéi,ㄘㄨㄟ ㄨㄟˊ,崎嶇不平的山。亦泛指高山。詩經．周南．卷耳：「陟彼崔嵬，我馬虺隤。」宋．辛棄疾．泌園春．有美人兮詞：「覺來西望崔嵬，更上有青楓下有溪。」高峻、高大的樣子。唐．李白．蜀道難：「劍閣崢嶸而崔嵬，一夫當關，萬夫莫開。」唐．杜甫．古柏行：「崔嵬枝幹郊原古，窈窕丹青戶牖空。」亦作「磪嵬」。比喻心中不平。宋．黃庭堅．次韻子贍武昌西山詩：「平生四海蘇太史，酒澆不下胸崔嵬。」
崢嶸,NA,NA,"NA"
崩騰,NA,NA,"NA"
嵯峨,cuó é,ㄘㄨㄛˊ ㄜˊ,山勢高峻的樣子。史記．卷一一七．司馬相如傳：「於是乎崇山巃嵷，崔巍嵯峨。」初刻拍案驚奇．卷七：「蛇龍偃蹇，觀闕嵯峨，縹緲笙歌沸。」
巖巒,NA,NA,"NA"
巖巖,yán yán,ㄧㄢˊ ㄧㄢˊ,高峻的樣子。詩經．小雅．節南山：「節彼南山，維石巖巖。」文選．潘岳．懷舊賦：「巖巖雙表，列列行楸。」威嚴。晉．陶淵明．讀山海經詩十三首之十三：「巖巖顯朝市，帝者慎用才。」瘦削的樣子。唐．薛能．吳姬詩十首之一：「夜鎖重門晝亦監，眼波嬌利瘦巖巖。」
差池,chā chí,  ㄔㄚ ㄔˊ,意外。唐．李端．古別離詩二首之二：「後事忽差池，前期日空在。」西遊記．第十九回：「不是胡說，只恐一時間有些兒差池，卻不是和尚誤了做，老婆誤了娶。」差錯、錯誤。三國演義．第七十三回：「吾若得勝回來之日，稍有差池，二罪俱罰。」水滸傳．第八回：「自蒙泰山錯愛，將令愛嫁事小人，已經三載，不曾有半些兒差池。」近錯誤亦作「差遲」。參差不齊。詩經．邶風．燕燕：「燕燕于飛，差池其羽。」南朝宋．鮑照．擬行路難十八首之三：「春燕差池風散梅，開幃對景弄禽雀。」
幝幝,chǎn chǎn,ㄔㄢˇ ㄔㄢˇ,破敗的樣子。詩經．小雅．杕杜：「檀車幝幝，四牡痯痯。」
幡幡,fān fān,ㄈㄢ ㄈㄢ,往來的樣子。詩經．小雅．巷伯：「捷捷幡幡，謀欲譖言，豈不爾受，既其女遷。」亦作「翩翩」。失去威儀的樣子。詩經．小雅．賓之初筵：「其未醉止，威儀反反，曰既醉止，威儀幡幡。」樹葉翻動的樣子。詩經．小雅．瓠葉：「幡幡瓠葉，采之亨之，君子有酒，酌言嘗之。」
幪幪,měng měng,ㄇㄥˇ ㄇㄥˇ,茂盛的樣子。詩經．大雅．生民：「麻麥幪幪，瓜瓞唪唪。」
平平,píng píng,ㄆㄧㄥˊ ㄆㄧㄥˊ,普通、沒有特別之處。後漢書．卷四十七．班超傳：「我以班君當有奇策，今所言平平耳。」近平淡均等、公平。元．楊文奎．兒女團圓．楔子：「韓二你要他怎麼？都與這兩個孩兒罷，分的平平兒的也。」近平等
幽幽,yōu yōu,ㄧㄡ ㄧㄡ,深遠的樣子。詩經．小雅．斯干：「秩秩斯干，幽幽南山。」文選．王巾．頭陁寺碑文：「膴膴亭皋，幽幽林薄。」聲音或光線微弱的樣子。唐．溫庭筠．罩魚歌：「兩槳鳴幽幽，蓮子相高低。」
弈弈,NA,NA,"NA"
弗弗,fú fú,ㄈㄨˊ ㄈㄨˊ,風疾的樣子。詩經．小雅．蓼莪：「南山律律，飄風弗弗。」亦作「發發」。固執不輕然允諾。墨子．親士：「君必有弗弗之臣，上必有詻詻之下。」
彊彊,NA,NA,"NA"
彧彧,yù yù,ㄩˋ ㄩˋ,富有文采的樣子。文選．何晏．景福殿賦：「姜瓌瑋以壯麗，紛彧彧其難分。」茂盛的樣子。詩經．小雅．信南山：「疆場翼翼，黍稷彧彧。」
彭彭,NA,NA,"NA"
律律,lǜ lǜ,ㄌㄩˋ ㄌㄩˋ,山勢高大險峻的樣子。詩經．小雅．蓼莪：「南山律律，飄風弗弗，民莫不穀，我獨不卒。」
徘徊,pái huái,ㄆㄞˊ ㄏㄨㄞˊ,來回走動。聊齋志異．卷二．嬰寧：「坐臥徘徊，自朝至於日昃，盈盈望斷，並忘飢渴。」儒林外史．第五十一回：「望見那晚煙漸散，水光裡月色漸明，徘徊了一會兒，復身上船來安歇。」近盤桓、彷徨、徬徨、逗留、躑躅、倘佯、徜徉亦作「裴回」。流連。文選．宋玉．風賦：「邸華葉而振氣，徘徊于桂椒之間。」唐．李白．月下獨酌詩：「我歌月徘徊，我舞影零亂。」亦作「裴回」。縈繞。文選．古詩十九首．西北有高樓：「清商隨風發，中曲正徘徊。」紛雜起落。晉．陶淵明．閒情賦：「于時畢昴盈軒，北風淒淒，烱烱不寐，眾念徘徊。」猶豫不決。薛仁貴征遼事略：「欲往南路，誠恐北有，欲往北行，誠恐南有，徘徊不已。」三國演義．第九回：「王允時在帝側，聞知此言，奏曰；『臣本為社稷計。事已至此，陛下不可惜臣，以誤國家。臣請下見二賊。』帝徘徊不忍。」
忉忉,dāo dāo,ㄉㄠ ㄉㄠ,憂心的樣子。詩經．齊風．甫田：「無思遠人，勞心忉忉。」
忡忡,chōng chōng,ㄔㄨㄥ ㄔㄨㄥ,心憂的樣子。詩經．召南．草蟲：「未見君子，憂心忡忡。」元．張可久．小桃紅．倚闌花影背東風曲：「恨忡忡，一春愁壓眉山重。」飾物下垂的樣子。詩經．小雅．蓼蕭：「既見君子，鞗革忡忡。和鸞雝雝，萬福攸同。」
忽然,hū rán,ㄏㄨ ㄖㄢˊ,一種動作或事物的出現，其迅速的程度出人意外。三國演義．第九回：「次日，正行間，忽然狂風驟起，昏霧蔽天。」老殘遊記．第五回：「你們到好！忽然的慈悲起來了！」近驀地、驀然、猛然、陡然、頓然、突然、忽地、遽然、乍然、倏忽、驟然、卒然、猝然反漸漸、逐漸
怛怛,dá dá,ㄉㄚˊ ㄉㄚˊ,憂勞。詩經．齊風．甫田：「無思遠人，勞心怛怛。」
怡悅,NA,NA,"NA"
怡然,yí rán,ㄧˊ ㄖㄢˊ,欣悅自得的樣子。唐．杜甫．贈衛八處士詩：「怡然敬父執，問我來何方。」西遊記．第二回：「話表美猴王得了姓名，怡然踴躍，對菩提前作禮啟謝。」
怭怭,bì bì,ㄅㄧˋ ㄅㄧˋ,傲慢無禮，喪失威儀。詩經．小雅．賓之初筵：「曰既醉止，威儀怭怭。」毛亨．傳：「怭怭，媟嫚也。」
怲怲,bǐng bǐng,ㄅㄧㄥˇ ㄅㄧㄥˇ,憂慮的樣子。詩經．小雅．頍弁：「未見君子，憂心怲怲。」
恢恢,huī huī,ㄏㄨㄟ ㄏㄨㄟ,寬闊廣大的樣子。老子．第七十三章：「天網恢恢，疏而不失。」文選．陸機．漢高祖功臣頌：「恢恢廣野，誕節令圖。」
悁悁,juān juān,ㄐㄩㄢ ㄐㄩㄢ,憂思、憂悶。詩經．陳風．澤陂：「寤寐無為，中心悁悁。」唐．韓愈．贈別元十八協律詩六首之四：「如何又須別，使我抱悁悁。」憤怒。後漢書．卷六十六．陳蕃傳：「至於陛下，有何悁悁？」形容誠懇真切。宋．楊萬里．寄謝蜀帥袁起巖尚書閣學寄贈藥物詩：「只有錦城袁閣學，寄詩贈藥意悁悁。」
悄悄,qiǎo qiǎo,ㄑㄧㄠˇ ㄑㄧㄠˇ,憂愁的樣子。詩經．邶風．柏舟：「憂心悄悄，慍于群小。」近悄然寂靜的樣子。唐．白居易．西樓夜詩：「悄悄復悄悄，城隅隱林杪。」近默默、寂靜、靜靜不聲不響。儒林外史．第三十五回：「莊徵君悄悄寫了十幾封書子，打發人進京去遍託朝裡大老。」
悄然,qiǎo rán,ㄑㄧㄠˇ ㄖㄢˊ,寂靜無聲的樣子。初刻拍案驚奇．卷二：「這時尚早，雖是已有行動的了，人蹤尚稀，渡口悄然。」近寂靜、寂然、悄悄、闃然憂愁的樣子。唐．白居易．長恨歌：「夕殿螢飛思悄然，孤燈挑盡未成眠。」唐．杜牧．旅宿詩：「旅館無良伴，凝情自悄然。」
悟悅,NA,NA,"NA"
悠悠,yōu yōu,ㄧㄡ ㄧㄡ,安閒暇適的樣子。唐．王勃．滕王閣詩：「閒雲潭影日悠悠，物換星移幾度秋。」憂思的樣子。詩經．鄭風．子矜：「青青子矜，悠悠我心。」眇遠無盡的樣子。詩經．鄘風．載馳：「驅馬悠悠，言至于漕。」唐．陳子昂．登幽州臺歌：「念天地之悠悠，獨愴然而涕下。」眾多。後漢書．卷四十三．朱穆傳：「記短則兼折其長，貶惡則并伐其善。悠悠者皆是，其可稱乎！」行走的樣子。詩經．小雅．黍苗：「悠悠南行，召伯勞之。」荒謬不合事理。晉書．卷六十五．王導傳：「悠悠之談，宜絕智者之口。」聊齋志異．卷二．紅玉：「然官宰悠悠，豎人毛髮。」
悠悠,yōu yōu,ㄧㄡ ㄧㄡ,安閒暇適的樣子。唐．王勃．滕王閣詩：「閒雲潭影日悠悠，物換星移幾度秋。」憂思的樣子。詩經．鄭風．子矜：「青青子矜，悠悠我心。」眇遠無盡的樣子。詩經．鄘風．載馳：「驅馬悠悠，言至于漕。」唐．陳子昂．登幽州臺歌：「念天地之悠悠，獨愴然而涕下。」眾多。後漢書．卷四十三．朱穆傳：「記短則兼折其長，貶惡則并伐其善。悠悠者皆是，其可稱乎！」行走的樣子。詩經．小雅．黍苗：「悠悠南行，召伯勞之。」荒謬不合事理。晉書．卷六十五．王導傳：「悠悠之談，宜絕智者之口。」聊齋志異．卷二．紅玉：「然官宰悠悠，豎人毛髮。」
悵望,chàng wàng,ㄔㄤˋ ㄨㄤˋ,情緒落寞而有所想望。唐．杜甫．詠懷古跡詩五首之二：「悵望千秋一灑淚，蕭條異代不同時。」唐．崔塗．鸚鵡洲即事詩：「悵望春襟鬱未開，重吟鸚鵡益堪哀。」
悽悽,NA,NA,"NA"
惆悵,chóu chàng,ㄔㄡˊ ㄔㄤˋ,悲愁、失意。文選．陶淵明．歸去來辭：「既自以心為形役，奚惆悵而獨悲？」宋．歐陽修．蝶戀花．誰道閑情拋棄久詞：「每到春來，惆悵還依舊。」近憂傷
惕惕,tì tì,ㄊㄧˋ ㄊㄧˋ,憂心、恐懼。詩經．陳風．防有鵲巢：「中唐有甓，邛有旨鷊，誰侜予美，心焉惕惕。」國語．楚語上：「不然，是三城也，豈不使諸侯之心惕惕焉。」悅愛。爾雅．釋訓：「忯忯、惕惕，愛也。」明．張爾岐．辨志：「今夫人生而呱呱以啼，啞啞以笑，蠕蠕以動，惕惕以息，無以異也。」
惘然,wǎng rán,ㄨㄤˇ ㄖㄢˊ,若有所失的樣子。新唐書．卷二○八．宦者傳下．李輔國傳：「中外聞其失勢，舉相賀，輔國始惘然憂，不知所出，表乞解官。」明．徐霖．繡襦記．第三十八齣：「回首鄉關，望斷孤雲惘然。」近悵然模糊不清的樣子。唐．李商隱．錦瑟詩：「此情可待成追憶，只是當時已惘然。」宋．蘇軾．與謝民師推官書：「自還海北，見平生親舊，惘然如隔世人。」
惙惙,chuò chuò,ㄔㄨㄛˋ ㄔㄨㄛˋ,非常憂愁的樣子。詩經．召南．草蟲：「未見君子，憂心惙惙。」淮南子．原道：「是故其為懽不忻忻，其為悲不惙惙。」
惴惴,zhuì zhuì,ㄓㄨㄟˋ ㄓㄨㄟˋ,憂懼戒慎的樣子。詩經．小雅．小宛：「惴惴小心，如臨于谷。」宋．蘇軾．秦始皇帝論：「與禽獸爭一旦之命，惴惴焉。朝不謀夕。」
惸惸,qióng qióng,ㄑㄩㄥˊ ㄑㄩㄥˊ,擔憂煩惱的樣子。詩經．小雅．正月：「憂心惸惸，念我無祿。」孤獨無依的樣子。宋．王禹偁．感流亡詩：「呱呱三兒泣，惸惸一夫鰥。」亦作「煢煢」。
惻惻,cè cè,ㄘㄜˋ ㄘㄜˋ,悲傷。唐．杜甫．夢李白詩二首之一：「死別已吞聲，生別常惻惻。」清．吳翌鳳．玉樓春．空園數日無芳信詞：「空園數日無芳信，惻惻殘寒猶未定。」懇切。後漢書．卷四十五．張酺傳：「張酺前入侍講，屢有諫正，誾誾惻惻，出於誠心。」
愈愈,yù yù,ㄩˋ ㄩˋ,極言其甚。詩經．小雅．正月：「憂心愈愈，是以有侮。」
愴然,chuàng rán,ㄔㄨㄤˋ ㄖㄢˊ,悲傷哀痛的樣子。漢．曹操．讓縣自明本志令：「孤每讀此二人書，未嘗不愴然流涕也。」唐．陳子昂．登幽州臺歌：「念天地之悠悠，獨愴然而涕下。」
慆慆,tāo tāo,ㄊㄠ ㄊㄠ,長久的樣子。詩經．豳風．東山：「我徂東山，慆慆不歸。」
慇慇,yīn yīn,ㄧㄣ ㄧㄣ,憂傷、哀痛的樣子。詩經．小雅．正月：「念我獨兮，憂心慇慇。」
慇慇,yīn yīn,ㄧㄣ ㄧㄣ,憂傷、哀痛的樣子。詩經．小雅．正月：「念我獨兮，憂心慇慇。」
慘慘,cǎn cǎn,ㄘㄢˇ ㄘㄢˇ,憔悴的樣子。詩經．小雅．北山：「或不知叫號，或慘慘劬勞。」憂戚的樣子。詩經．小雅．正月：「憂心慘慘，念國之為虐。」宋．蘇軾．送李公擇詩：「欲別不忍言，慘慘集百憂。」昏暗的樣子。文選．王粲．登樓賦：「風蕭瑟而並興兮，天慘慘而無色。」唐．杜甫．發閬中詩：「江風蕭蕭雲拂地，山木慘慘天欲雨。」
慱慱,tuán tuán,ㄊㄨㄢˊ ㄊㄨㄢˊ,憂勞。詩經．檜風．素冠：「庶見素冠兮，棘人欒欒兮，勞心慱慱兮。」
慼慼,NA,NA,"NA"
憯憯,NA,NA,"NA"
憲憲,xiàn xiàn,ㄒㄧㄢˋ ㄒㄧㄢˋ,欣喜自得的樣子。詩經．大雅．板：「天之方難，無然憲憲。」興盛的樣子。禮記．中庸：「詩曰：『嘉樂君子，憲憲令德。』」唐．柳宗元．箕子碑：「憲憲大人，顯晦不渝。」
懆懆,cǎo cǎo,ㄘㄠˇ ㄘㄠˇ,憂愁不安的樣子。詩經．小雅．白華：「念子懆懆，視我邁邁。」明．張以寧．題韓氏十景卷詩：「白霽趙子詩句好，三年不見心懆懆。」
戚戚,qī qī,ㄑㄧ ㄑㄧ,相親。詩經．大雅．行葦：「戚戚兄弟，莫遠具爾。」文選．曹植．求通親表：「退省諸王，常有戚戚具爾之心。」憂懼。論語．述而：「君子坦蕩蕩，小人長戚戚。」晉．陶淵明．五柳先生傳：「不戚戚于貧賤，不汲汲于富貴。」內心有所感動的樣子。孟子．梁惠王上：「夫子言之，於我心有戚戚焉。」老殘遊記．第二回：「夢湘先生論得透闢極了，於我心有戚戚焉。」憂愁、悲傷。唐．韋應物．送楊氏女詩：「永日方慼慼，出門復悠悠。」
戰戰,NA,NA,"NA"
抑抑,yì yì,ㄧˋ ㄧˋ,慎密美好的樣子。詩經．小雅．賓之初筵：「其未醉止，威儀抑抑。」詩經．大雅．假樂：「威儀抑抑，德音秩秩。」憂鬱的樣子。宋．陳傅良．寄題陳同甫抱膝亭詩：「此意太勞勞，此身長抑抑。」
招招,zhāo zhāo,ㄓㄠ ㄓㄠ,用手招人，示意前來。詩經．邶風．匏有苦葉：「招招舟子，人涉卬否？」搖擺蕩漾的樣子。南朝齊．謝朓．始之宣城郡詩：「招招漾輕楫，行行趨巖趾。」唐．劉禹錫．桃源行：「漁舟何招招，浮在武陵水。」每一招。如：「他的打法，招招要命。」
拮据,jié jū,ㄐㄧㄝˊ ㄐㄩ,辛勞操持。詩經．豳風．鴟鴞：「予手拮据，予所捋荼。」境況窘迫，尤指經濟困難而言。紅樓夢．第一一四回：「手頭不濟，諸事拮据。」近窘迫反富裕、寬裕、裕如
挃挃,zhí zhí,ㄓˊ ㄓˊ,收割的聲音。詩經．周頌．良耜：「穫之挃挃，積之栗栗。」
振振,zhēn zhēn,  ㄓㄣ ㄓㄣ,仁厚的樣子。詩經．周南．麟之趾：「麟之趾，振振公子，于嗟麟兮。」唐．柳宗元．道州文宣王廟碑：「振振薛公，惟德之造。」美盛的樣子。詩經．周南．螽斯：「螽斯羽，詵詵兮。宜爾子孫振振兮。」左傳．僖公五年：「均服振振，取虢之旂。」鳥群飛的樣子。詩經．魯頌．有駜：「振振鷺，鷺于下。」
捷捷,jié jié,ㄐㄧㄝˊ ㄐㄧㄝˊ,形容行動敏捷。詩經．大雅．烝民：「征夫捷捷，每懷靡及。」
掩抑,yǎn yì,ㄧㄢˇ ㄧˋ,形容聲音低沉。唐．白居易．琵琶行：「弦弦掩抑聲聲思，似訴平生不得意。」
提提,NA,NA,"NA"
揖揖,jí jí,ㄐㄧˊ ㄐㄧˊ,眾多會聚的樣子。詩經．周南．螽斯：「螽斯羽，揖揖兮。宜爾子孫蟄蟄兮。」宋．歐陽修．別後奉寄聖俞二十五兄詩：「我年雖少君，白髮已揖揖。」
揚揚,yáng yáng,ㄧㄤˊ ㄧㄤˊ,得意的樣子。史記．卷六十二．管晏傳：「其夫為相御，擁大蓋，策駟馬，意氣揚揚，甚自得也。」飄揚。元．無名氏．漁樵記．第一折：「今日紛紛揚揚下著如此般大雪，凍的手都僵的，怎生打柴？」從容鎮定的樣子。資治通鑑．卷二二○．唐紀三十六．肅宗至德二載：「巡且死，顏色不亂，揚揚如常。」
揭揭,jiē jiē,ㄐㄧㄝ ㄐㄧㄝ,修長的樣子。詩經．衛風．碩人:「葭菼揭揭，庶姜孽孽，庶士有朅。」高大的樣子。楚辭．劉向．九歎．遠遊：「服覺皓以殊俗兮，貌揭揭以巍巍。」形容搖動、不穩固。淮南子．兵略：「因其勞倦怠亂，飢渴凍暍，推其𣄕𣄕，擠其揭揭，此謂因勢。」形容疾馳。漢．焦延壽．易林．卷二．需之小過：「猋風忽起，車馳揭揭。」
搖搖,NA,NA,"NA"
搖搖,NA,NA,"NA"
摻摻,shān shān,ㄕㄢ ㄕㄢ,手纖細的樣子。詩經．魏風．葛屨：「摻摻女手，可以縫裳。」
敖敖,áo áo,  ㄠˊ ㄠˊ,長的樣子。詩經．衛風．碩人：「碩人敖敖，說于農郊。」傲慢不遜的樣子。爾雅．釋訓：「仇仇，敖敖，傲也。」
斤斤,jīn jīn,ㄐㄧㄣ ㄐㄧㄣ,明察。詩經．周頌．執競：「自彼成康，奄有四方，斤斤其明。」謹慎。後漢書．卷十八．吳漢傳：「及在朝廷，斤斤謹質，形於體貌。」聊齋志異．卷十二．錦瑟：「婢頗風格，既熟，頗以眉目送情。生斤斤自守，不敢少致差跌。」計較細處。如：「斤斤愛惜」、「斤斤於小節」。
於乎,wū hū,ㄨ ㄏㄨ,感嘆詞。詩經．周頌．維天之命：「於乎不顯，文王之德之純。」近於戲、嗚呼亦作「嗚呼」。
施施,yí yí,ㄧˊ ㄧˊ,喜悅自得的樣子。孟子．離婁下：「而良人未之知也，施施從外來，驕其妻妾。」唐．韓愈．曹成王碑：「出則囚服就辯，入則擁笏垂魚，坦坦施施。」緩慢前進的樣子。詩經．王風．丘中有麻：「彼留子嗟，將其來施施。」唐．柳宗元．始得西山宴游記：「施施而行，漫漫而遊。」
斾斾,NA,NA,"NA"
旁旁,NA,NA,"NA"
旦旦,dàn dàn,ㄉㄢˋ ㄉㄢˋ,天天。孟子．告子上：「雖存乎人者，豈無仁義之心哉，其所以放其良心者，亦猶斧斤之於木也，旦旦而伐之，可為美乎？」清．彭端淑．為學一首示子姪：「旦旦而學之，久而不怠焉，迄乎成而亦不知其昏與庸也。」誠懇的樣子。詩經．衛風．氓：「總角之宴，言笑晏晏，信誓旦旦。」
明明,míng míng,ㄇㄧㄥˊ ㄇㄧㄥˊ,明察至極。詩經．小雅．小明：「明明上天，照臨下土。」晉．束皙．補亡詩：「明明后辟，仁以為政。」反含糊明舉賢才。書經．堯典：「岳曰：『否德忝帝位。』曰：『明明揚側陋。』」晉．陸機．漢高祖功臣頌：「明明眾哲，同濟天網。」黽勉，努力。詩經．魯頌．有駜：「夙夜在公，在公明明。」漢．楊惲．報孫會宗書：「明明求仁義，常恐不能化民者，卿大夫之意也。」明顯，顯然。儒林外史．第四十一回：「這個明明借此勾引人。」紅樓夢．第七十一回：「巴巴兒的傳進你來，明明戲弄你，頑耍你。」近分明、顯明反含糊
昭昭,zhāo zhāo,ㄓㄠ ㄓㄠ,明白顯著。南朝梁．劉勰．文心雕龍．宗經：「故子夏歎書，昭昭若日月之明，離離如星辰之行，言昭灼也。」初刻拍案驚奇．卷十一：「若非天道昭昭，險些兒死於非命。」
晏晏,yàn yàn,ㄧㄢˋ ㄧㄢˋ,柔和的樣子。詩經．衛風．氓：「總角之宴，言笑晏晏。」後漢書．卷四十三．何敞傳：「今國家秉聰明之弘道，明公履晏晏之純德，君臣相合，天下翕然」。
晢晢,zhé zhé,ㄓㄜˊ ㄓㄜˊ,明亮的樣子。詩經．陳風．東門之楊：「昏以為期，明星晢晢。」
晦昧,huì mèi,ㄏㄨㄟˋ ㄇㄟˋ,天色陰沉、昏暗。南朝梁．吳均．送柳吳興竹亭集詩：「躑躅牛羊下，晦昧崦嵫色。」唐．韓愈．謁衡嶽廟遂宿嶽寺題門樓詩：「我來正逢秋雨節，陰氣晦昧無清風。」隱晦不明、模糊不清。清．紀昀．閱微草堂筆記．卷二十四．灤陽續錄六：「廟祝棋道士病其晦昧，使畫工以墨鉤勒，遂似削圓方竹。」愚昧無知。北齊書．卷三．文襄帝紀：「彼當嗤僕之過迷，此亦笑君之晦昧。」
曀曀,yì yì,ㄧˋ ㄧˋ,天色陰沉的樣子。詩經．邶風．終風：「曀曀其陰，虺虺其靁。」後漢書．卷二十八下．馮衍傳：「日曀曀其將暮兮，獨於邑而煩惑。」
杲杲,gǎo gǎo,ㄍㄠˇ ㄍㄠˇ,形容日光明亮。詩經．衛風．伯兮：「其雨其雨，杲杲出日。」唐．韓愈．謁衡嶽廟遂宿嶽寺題門樓詩：「猿鳴鐘動不知曙，杲杲寒日生於東。」
杲杲,gǎo gǎo,ㄍㄠˇ ㄍㄠˇ,形容日光明亮。詩經．衛風．伯兮：「其雨其雨，杲杲出日。」唐．韓愈．謁衡嶽廟遂宿嶽寺題門樓詩：「猿鳴鐘動不知曙，杲杲寒日生於東。」
杳杳,yǎo yǎo,ㄧㄠˇ ㄧㄠˇ,深遠、幽暗。楚辭．屈原．九章．懷沙：「眴兮杳杳，孔靜幽默。」文選．潘岳．寡婦賦：「時曖曖而向昏兮，日杳杳而西匿。」亦作「窈窈」。
板板,bǎn bǎn,ㄅㄢˇ ㄅㄢˇ,形容面部表情冷淡。二刻拍案驚奇．卷十四：「若說是有情，如何眉梢眼角，不見些些光景，只是恁等板板地？」
枚枚,méi méi,ㄇㄟˊ ㄇㄟˊ,細密。詩經．魯頌．閟宮：「閟宮有侐，實實枚枚。」
栗栗,lì lì,ㄌㄧˋ ㄌㄧˋ,聚集眾多的樣子。詩經．周頌．良耜：「穫之挃挃，積之栗栗。」恐懼戒慎的樣子。漢書．卷九．元帝紀：「朕承先帝之休烈，夙夜栗栗，懼不克任。」唐．韓愈．汴州東西水門記：「懍懍栗栗，若墜若覆。」驚恐、害怕的樣子。如：「慄慄不安」。亦作「栗慄」。寒冷的樣子。宋．王禹偁．和馮中允爐邊偶作詩：「春日雨絲暖融融，人曰雪花寒慄慄。」因驚恐害怕而起雞皮疙瘩。聊齋志異．卷二．聶小倩：「妾今日視之，肌猶栗慄。」亦作「慄慄」。
栗烈,lì liè,ㄌㄧˋ ㄌㄧㄝˋ,寒冷。詩經．豳風．七月：「一之日觱發，二之日栗烈，無衣無褐，何以卒歲。」宋．范成大．思佛亭曉望詩：「栗烈剛風刮病眸，登臨何啻緩千憂。」亦作「慄冽」。
桀桀,jié jié,ㄐㄧㄝˊ ㄐㄧㄝˊ,茂盛的樣子。詩經．齊風．甫田：「無田甫田，維莠桀桀。」
桓桓,huán huán,ㄏㄨㄢˊ ㄏㄨㄢˊ,威武勇猛的樣子。詩經．魯頌．泮水：「桓桓于征，狄彼東南。」文選．王粲．從軍詩五首之二：「我君順時發，桓桓東南征。」
棣棣,dì dì,ㄉㄧˋ ㄉㄧˋ,富盛而熟習的樣子。詩經．邶風．柏舟：「威儀棣棣，不可選也。」唐．李華．弔古戰場文：「飲至策勛，和樂且閑，穆穆棣棣，君臣之間。」亦作「逮逮」。
森森,sēn sēn,ㄙㄣ ㄙㄣ,樹木茂盛的樣子。文選．潘岳．懷舊賦：「墳壘壘而接壟，柏森森以攢植。」唐．杜甫．蜀相詩：「丞相祠堂何處尋，錦官城外柏森森。」戰慄的樣子。董西廂．卷二：「為首強人英武，見了早森森地怯懼。」陰森寒冷的樣子。如：「寒風森森的吹，怪可怕的。」眾多的樣子。文選．張協．雜詩十首之四：「翳翳結繁雲，森森散雨足。」
棲棲,xī xī,ㄒㄧ ㄒㄧ,不安的樣子。論語．憲問：「丘何為是栖栖者與，無乃為佞乎。」晉．陶淵明．和劉柴桑詩：「栖栖世中事，歲月共相疏。」孤寂零落的樣子。宋．范成大．潺陵詩：「春草亦已瘦，栖栖晚花少。」四處奔走，無暇安居的樣子。詩經．小雅．六月：「六月棲棲，戎車既飭。」抱朴子．外篇．正郭：「而乃自西徂東，席不暇溫，欲慕孔墨棲棲之事。」
棲棲,xī xī,ㄒㄧ ㄒㄧ,不安的樣子。論語．憲問：「丘何為是栖栖者與，無乃為佞乎。」晉．陶淵明．和劉柴桑詩：「栖栖世中事，歲月共相疏。」孤寂零落的樣子。宋．范成大．潺陵詩：「春草亦已瘦，栖栖晚花少。」四處奔走，無暇安居的樣子。詩經．小雅．六月：「六月棲棲，戎車既飭。」抱朴子．外篇．正郭：「而乃自西徂東，席不暇溫，欲慕孔墨棲棲之事。」
楚楚,chǔ chǔ,ㄔㄨˇ ㄔㄨˇ,鮮明的樣子。詩經．曹風．蜉蝣：「蜉蝣之羽，衣裳楚楚。」叢密繁盛的樣子。詩經．小雅．楚茨：「楚楚者茨，言抽其棘。」形容姿態嬌豔動人。明．陳繼儒．李公子傳：「傍有黃衣妓者，秀質楚楚，愁態萬端。」聊齋志異．卷四．雙燈：「魏細瞻女郎，楚楚若仙，心甚悅之。」形容卓越出眾。宋．張孝祥．鷓鴣天．楚楚吾家千里駒詞：「楚楚吾家千里駒，老人心事正關渠。」元．無名氏．碧桃花．第四折：「你道是濟濟衣冠，楚楚人才。」悽苦的樣子。唐．元稹．聽庾及之彈烏夜啼引詩：「後人寫出烏啼引，吳調哀弦聲楚楚。」
業業,yè yè,ㄧㄝˋ ㄧㄝˋ,危懼的樣子。書經．皐陶謨：「兢兢業業，一日二日萬幾。」詩經．大雅．雲漢：「兢兢業業，如霆如雷。」高大強壯的樣子。詩經．小雅．采薇：「戎車既駕，四牡業業。」動的樣子。詩經．大雅．常武：「赫赫業業，有嚴天子。」
橐橐,tuó tuó,ㄊㄨㄛˊ ㄊㄨㄛˊ,狀聲詞：(1)​ 形容杵聲。詩經．小雅．斯干：「約之閣閣，椓之橐橐。」(2)​ 形容步履聲。如：「一陣橐橐的皮鞋聲在石板路上響起來。」
檻檻,jiàn jiàn,ㄐㄧㄢˋ ㄐㄧㄢˋ,狀聲詞。形容車行聲。詩經．王風．大車：「大車檻檻，毳衣如菼。」文選．左思．吳都賦：「出車檻檻，被練鏘鏘。」
欒欒,luán luán,ㄌㄨㄢˊ ㄌㄨㄢˊ,瘦弱的樣子。詩經．檜風．素冠：「庶見素冠兮，棘人欒欒兮。」亦作「臠臠」。
欣欣,xīn xīn,ㄒㄧㄣ ㄒㄧㄣ,喜悅的樣子。詩經．大雅．鳧鷖：「旨酒欣欣，燔炙芬芬。」楚辭．屈原．九歌．東皇太一：「五音紛兮繁會，君欣欣兮康樂。」草木興盛繁榮的樣子。唐．張九齡．感遇詩十二首之一：「欣欣此生意，自爾為佳節。」宋．范成大．寒食郊行書事詩二首之二：「隴麥欣欣綠，山桃寂寂紅。」
欽欽,NA,NA,"NA"
歷歷,lì lì,ㄌㄧˋ ㄌㄧˋ,清楚明白，分明可數。唐．崔顥．黃鶴樓詩：「晴川歷歷漢陽樹，春草萋萋鸚鵡洲。」初刻拍案驚奇．卷十四：「歷歷述說平生事，無一不記。」
殖殖,zhí zhí,ㄓˊ ㄓˊ,平正的樣子。詩經．小雅．斯干：「殖殖其庭，有覺其楹。」毛亨．傳：「殖殖，言平正也。」唐．權德輿．開州刺史新宅記：「合於古常，得其時制，殖殖廣庭，渠渠中堂。」
殷殷,yīn yīn,ㄧㄣ ㄧㄣ,眾多、盛大的樣子。史記．卷六十九．蘇秦傳：「人民之眾、車馬之多，日夜行不絕，輷輷殷殷，若有三軍之眾。」懇切的樣子。如：「殷殷盼望」、「殷殷叮囑」。憂傷、哀痛的樣子。詩經．邶風．北門：「出自北門，憂心殷殷。終窶且貧，莫知我艱。」狀聲詞。形容雷聲。文選．司馬相如．長門賦：「雷殷殷而響起兮，聲象君之車音。」宋．陸游．寶劍吟：「幽人枕寶劍，殷殷夜有聲。」
汎汎,fàn fàn,ㄈㄢˋ ㄈㄢˋ,漂浮。唐．杜甫．秋興詩八首之三：「信宿漁人還泛泛，清秋燕子故飛飛。」尋常的、浮淺的。如：「泛泛之交」。近平常充滿的樣子。黃帝內經素問．卷五．脈要精微論：「春日浮如魚之遊在波，夏日在膚，泛泛乎萬物有餘。」水順流無阻的樣子。詩經．邶風．二子乘舟：「二子乘舟，汎汎其景。」漂浮的樣子。文選．張衡．思玄賦：「乘天潢之汎汎兮，浮雲漢之湯湯。」普遍、廣博的樣子。浮游不定的樣子。楚辭．屈原．卜居：「將氾氾若水中之鳧乎，與波上下偷以全吾軀乎。」
汕汕,shàn shàn,ㄕㄢˋ ㄕㄢˋ,魚群在水中游的樣子。詩經．小雅．南有嘉魚：「南有嘉魚，烝然汕汕。」
沃沃,wò wò,ㄨㄛˋ ㄨㄛˋ,少壯而佼好。詩經．檜風．隰有萇楚：「隰有萇楚，猗儺其枝。夭之沃沃，樂子之無知。」
沈沈,chén chén,ㄔㄣˊ ㄔㄣˊ,盛大的樣子。淮南子．俶真：「不以曲故，是非相尤。茫茫沉沉，是謂大治。」宮室深邃的樣子。唐．魏徵．暮秋言懷詩：「沉沉蓬萊閣，日夕鄉思多。」宋．洪邁．夷堅丁志．卷二．張敦夢醫：「大屋沉沉如王居，立俟門左，吏導之使入。」形容水深的樣子。唐．劉禹錫．懷妓詩四首之四：「三山不見海沉沉，豈有仙蹤更可尋。」形容聲音悠遠而深沉。唐．李商隱．河內詩二首之一：「鼉鼓沉沉虯水咽，秦絲不上蠻絃絕。」形容夜深的樣子。宋．蘇軾．春夜詩：「歌管樓臺聲細細，鞦韆院落夜沉沉。」形容心事沉重。唐．王建．將歸故山留別杜侍御詩：「沉沉百憂中，一日如一生。」形容音信杳然。唐．杜牧．月詩：「三十六宮秋夜深，昭陽歌斷信沉沉。」形容深隱沉靜的樣子。唐．張若虛．春江花月夜詩：「斜月沉沉藏海霧，碣石瀟湘無限路。」
沖沖,NA,NA,"NA"
沮洳,jù rù,ㄐㄩˋ ㄖㄨˋ,低溼的地方。詩經．魏風．汾沮洳：「彼汾沮洳，言采其莫。」元．王惲．輓漕篇：「發源本清淺，才夏即沮洳。」
泄泄,yì yì,ㄧˋ ㄧˋ,舒坦快樂的樣子。左傳．隱公元年：「姜出而賦：『大隧之外，其樂也洩洩！』」從容自在的樣子。詩經．邶風．雄雉：「雄雉于飛，泄泄其羽。」競進的樣子。詩經．大雅．板：「天之方蹶，無然泄泄。」
泠泠,líng líng,ㄌㄧㄥˊ ㄌㄧㄥˊ,狀聲詞。形容清脆激越的聲音。北魏．酈道元．水經注．江水注：「猿鳴至清，山谷傳響，泠泠不絕。」文選．陸機．文賦：「文徽徽以溢目，音泠泠而盈耳。」清涼。文選．宋玉．風賦：「清清泠泠，愈病析酲。」言談清逸脫俗。醒世恆言．卷四．灌園叟晚逢仙女：「舉目看十八姨，體態飄逸，言詞泠泠有林下風氣。」
泥泥,NA,NA,"NA"
泱泱,yāng yāng,ㄧㄤ ㄧㄤ,水深廣的樣子。詩經．小雅．瞻彼洛矣：「瞻彼洛矣，維水泱泱。」雲氣騰湧的樣子。文選．潘岳．射雉賦：「天泱泱以垂雲，泉涓涓而吐溜。」宏大的樣子。多指聲音而言。漢書．卷二十八．地理志下：「泱泱乎，大風也哉！其太公乎？國未可量也。」
洋洋,yáng yáng,ㄧㄤˊ ㄧㄤˊ,水勢盛大的樣子。詩經．衛風．碩人：「河水洋洋，北流活活。」宋．陳亮．水調歌頭．不見南師久詞：「自笑堂堂漢使，得似洋洋河水，依舊祇流東？」廣闊無際的樣子。詩經．大雅．大明：「牧野洋洋，檀車煌煌。」眾多貌。詩經．魯頌．閟宮：「萬舞洋洋，孝孫有慶。」美善的樣子。書經．伊訓：「聖謨洋洋，嘉言孔彰。」彷彿、想像。禮記．中庸：「盛服以承祭祀，洋洋乎如在其上。」舒緩的樣子。孟子．萬章上：「始舍之，圉圉焉，少則洋洋焉，攸然而逝。」充滿貌。禮記．中庸：「聖人之道，洋洋乎發育萬物。」紅樓夢．第二十一回：「看至此段，意趣洋洋，逞著酒興，不禁提筆。」沒有歸宿、沒有依靠的樣子。楚辭．屈原．九章．哀郢：「順風波以從流兮，焉洋洋而為客。」得意的樣子。宋．范仲淹．岳陽樓記：「登斯樓也，則有心曠神怡，寵辱皆忘，把酒臨風，其喜洋洋者矣。」莊重敬慎的樣子。文選．傅毅．舞賦：「或有矜容愛儀，洋洋習習。」
洸洸,guāng guāng,  ㄍㄨㄤ ㄍㄨㄤ,威武、果毅的樣子。詩經．大雅．江漢：「江漢湯湯，武夫洸洸。」唐．白居易．漢高皇帝斬白蛇賦：「天威煌煌，神武洸洸。」形容水盛大的樣子。荀子．宥坐：「其洸洸乎不淈盡，似道。」
活活,huó huó,ㄏㄨㄛˊ ㄏㄨㄛˊ,在活生生的狀態下。儒林外史．第三十九回：「我們到那裡出兵，只消幾天沒有水吃，就活活的要渴死了，那裡還能打什麼仗！」
流落,liú luò,ㄌㄧㄡˊ ㄌㄨㄛˋ,飄泊流浪，潦倒失意。唐．鄭谷．江際詩：「那堪流落逢搖落，可得潸然是偶然。」三國演義．第二十七回：「因世亂流落江湖，聚眾五百餘人，劫掠為生。」近流浪、流離、落難
流離,liú lí,ㄌㄧㄡˊ ㄌㄧˊ,流亡離散。漢書．卷四十五．蒯通傳：「今劉、項分爭，使人肝腦塗地，流離中野，不可勝數。」文選．陳琳．檄吳將校部曲文：「然周盛門戶，無辜被戮，遺類流離，湮沒林莽。」近飄泊、流浪、流落、流散光采絢爛的樣子。漢書．卷八十七．揚雄傳上：「曳紅采之流離兮，颺翠氣之冤延。」文選．王延壽．魯靈光殿賦：「彤彩之飾，徒何為乎？澔澔涆涆，流離爛漫。」眼淚或汗水滴落。文選．司馬相如．長門賦：「左右悲而垂淚兮，涕流離而從橫。」文選．嵇康．養生論：「夫服藥求汗，或有弗獲，而愧情一集，渙然流離。」一種青色寶石。漢書．卷九十六．西域傳上．罽賓國傳：「出封牛、水牛、象、大狗、沐猴、孔爵、珠璣、珊瑚、虎魄、璧流離。」亦作「琉璃」。貓頭鷹的別名。見「貓頭鷹」條。
浩浩,hào hào,ㄏㄠˋ ㄏㄠˋ,水流盛大的樣子。楚辭．屈原．九章．懷沙：「浩浩沅湘分流汩兮，脩路幽蔽道遠忽兮。」南朝宋．鮑照．夢歸鄉詩：「白水漫浩浩，高山壯巍巍。」廣大的樣子。禮記．中庸：「夫焉有所倚，肫肫其仁，淵淵其淵，浩浩其天。」文選．古詩十九首．涉江采芙蓉：「還顧望舊鄉，長路漫浩浩。」風勢強勁的樣子。漢．蔡琰．胡笳十八拍：「鞞鼓喧兮從夜達，胡風浩浩兮暗塞營。」聲音洪大或喧雜。宋．蘇軾．鳳翔八觀詩．真興寺閣：「市人與鴉鵲，浩浩同一聲。」
浩浩,hào hào,ㄏㄠˋ ㄏㄠˋ,水流盛大的樣子。楚辭．屈原．九章．懷沙：「浩浩沅湘分流汩兮，脩路幽蔽道遠忽兮。」南朝宋．鮑照．夢歸鄉詩：「白水漫浩浩，高山壯巍巍。」廣大的樣子。禮記．中庸：「夫焉有所倚，肫肫其仁，淵淵其淵，浩浩其天。」文選．古詩十九首．涉江采芙蓉：「還顧望舊鄉，長路漫浩浩。」風勢強勁的樣子。漢．蔡琰．胡笳十八拍：「鞞鼓喧兮從夜達，胡風浩浩兮暗塞營。」聲音洪大或喧雜。宋．蘇軾．鳳翔八觀詩．真興寺閣：「市人與鴉鵲，浩浩同一聲。」
浩然,hào rán,ㄏㄠˋ ㄖㄢˊ,廣闊盛大的樣子。晉書．卷四十一．劉寔傳：「懸車告老，二十餘年，浩然之志，老而彌篤。」唐．李白．日出行：「吾將囊括大塊，浩然與溟涬同科。」亦作「皓然」。不可阻遏，沒有留戀的樣子。孟子．公孫丑下：「夫出晝而王不予追也，予然後浩然有歸志。」唐．溫庭筠．送人東遊詩：「荒戍落黃葉，浩然離故關。」浩然之氣的省稱。宋．文天祥．正氣歌：「天地有正氣，雜然賦流形：下則為河嶽，上則為日星，於人曰浩然，沛乎塞蒼冥。」
浮浮,fú fú,ㄈㄨˊ ㄈㄨˊ,盛多的樣子。詩經．小雅．角弓：「雨雪浮浮，見晛曰流。」氣體上升的樣子。詩經．大雅．生民：「釋之叟叟，烝之浮浮。」行走的樣子。楚辭．屈原．九章．抽思：「悲秋風之動容兮，何回極之浮浮。」
浼浼,měi měi,ㄇㄟˇ ㄇㄟˇ,水勢盛大，與兩岸齊平。詩經．邶風．新臺：「新臺有洒，河水浼浼。」
淋灕,lín lí,ㄌㄧㄣˊ ㄌㄧˊ,溼透的樣子。唐．韓愈．和虞部盧四酬翰林錢七赤藤杖歌：「共傳滇神出水獻，赤龍拔鬚血淋漓。」初刻拍案驚奇．卷十六：「那一日大雨淋漓，路上無人行走。」或作「淋離」、「淋灕」。形容氣勢充盛酣暢。唐．李商隱．韓碑詩：「公退齋戒坐小閣，濡染大筆何淋漓。」宋．陸游．漢宮春．羽箭彫弓詞：「淋漓醉墨，看龍蛇飛落蠻牋。」
淒涼,qī liáng,ㄑㄧ ㄌㄧㄤˊ,悲苦。唐．李白．笛別曹南群官之江南詩：「懷歸路綿邈，覽古情淒涼。」初刻拍案驚奇．卷十五：「今已歷盡淒涼，受人冷淡。」近悲涼、悲慘、淒慘反歡樂、喜慶亦作「悽涼」。形容環境孤寂、冷清。南朝梁．沈約．為臨川五九日侍太子宴詩：「淒涼霜野，惆悵晨鵾。」唐．皎然．與盧孟明別後宿南湖對月：「曠望煙霞盡，淒涼天地秋。」反熱鬧悲苦。如：「身世悽涼」。近苦楚亦作「淒涼」。
淒淒,qī qī,ㄑㄧ ㄑㄧ,烏雲密布，即將下雨的樣子。後漢書．卷六十一．左雄傳：「有渰淒淒，興雨祁祁。」亦作「萋萋」。淒涼寒冷的樣子。詩經．小雅．四月：「秋日淒淒，百卉具腓。」悲傷哀痛的樣子。楚辭．屈原．九章．悲回風：「涕泣交而淒淒兮，思不眠以至曙。」水流的樣子。全唐詩．卷八○七．拾得詩：「松拂盤陀石，甘泉涌淒淒。」淒涼悲痛。唐．柳宗元．柳州二月榕葉落盡偶題詩：「宦情羈思共悽悽，春半如秋意轉迷。」
淒淒,qī qī,ㄑㄧ ㄑㄧ,烏雲密布，即將下雨的樣子。後漢書．卷六十一．左雄傳：「有渰淒淒，興雨祁祁。」亦作「萋萋」。淒涼寒冷的樣子。詩經．小雅．四月：「秋日淒淒，百卉具腓。」悲傷哀痛的樣子。楚辭．屈原．九章．悲回風：「涕泣交而淒淒兮，思不眠以至曙。」水流的樣子。全唐詩．卷八○七．拾得詩：「松拂盤陀石，甘泉涌淒淒。」淒涼悲痛。唐．柳宗元．柳州二月榕葉落盡偶題詩：「宦情羈思共悽悽，春半如秋意轉迷。」
淠淠,pì pì,ㄆㄧˋ ㄆㄧˋ,繁盛的樣子。詩經．小雅．小弁：「有漼者淵，萑葦淠淠。」飄動的樣子。詩經．小雅．采菽：「其旂淠淠，鸞鸞嘒嘒。」
淠淠,pì pì,ㄆㄧˋ ㄆㄧˋ,繁盛的樣子。詩經．小雅．小弁：「有漼者淵，萑葦淠淠。」飄動的樣子。詩經．小雅．采菽：「其旂淠淠，鸞鸞嘒嘒。」
淵淵,yuān yuān,ㄩㄢ ㄩㄢ,靜深貌。禮記．中庸：「淵淵其淵，浩浩其天。」鼓聲。詩經．小雅．采芑：「伐鼓淵淵，振旅闐闐。」三國演義．第二十三回：「衡穿舊衣而入，遂擊鼓為漁陽三撾，音節殊妙，淵淵有金石聲。」
清揚,qīng yáng,ㄑㄧㄥ ㄧㄤˊ,形容眉目開朗有神。詩經．鄘風．君子偕老：「子之清揚，揚且之顏也。」引申為對人容貌神采的敬稱。唐．蔣防．霍小玉傳：「今日幸會，得睹清揚。」聊齋志異．卷一．王六郎：「拜識清揚，情逾骨肉。」形容聲音清亮悠揚。荀子．法行：「扣之其聲清揚而遠聞，其止輟然。」
清明,qīng míng,ㄑㄧㄥ ㄇㄧㄥˊ,清澈明淨。荀子．解蔽：「則湛濁在下而清明在上，則足以見鬚眉而察理矣。」唐．元稹．西縣驛詩：「去時樓上清明夜，月照樓前撩亂花。」近明朗、清朗、明亮反昏暗天下太平，政治有法度。詩經．大雅．大明：「肆伐大商，會朝清明。」漢書．卷二十二．禮樂志：「即位三十年，四夷賓服，百姓家給，政教清明。」反昏暗、腐敗精神清朗。淮南子．主術：「夫人主之聽治也，清明而不闇，虛心而弱志。」如：「神志清明」。近明朗、清朗聲音清澈響亮。唐．羊士諤．郡中即事詩三首之一：「鼓角清明如戰壘，梧桐搖落似貧居。」近明朗、清朗、明亮二十四節氣之一。國曆四月五日或六日。
渙渙,NA,NA,"NA"
渠渠,qú qú,ㄑㄩˊ ㄑㄩˊ,深廣的樣子。詩經．秦風．權輿：「於我乎夏屋渠渠，今也每食無餘。」聊齋志異．卷二．紅玉：「腴田連阡，夏屋渠渠矣。」不寬泰的樣子。荀子．修身：「有法而無志其義，則渠渠然。」
游衍,yóu yǎn,ㄧㄡˊ ㄧㄢˇ,恣意縱遊。詩經．大雅．板：「昊天曰旦，及爾游衍。」唐．王維．桃源行：「出洞無論隔山水，辭家終擬長游衍。」
渺然,miǎo rán,ㄇㄧㄠˇ ㄖㄢˊ,悠遠。唐．趙嘏．江樓感舊詩：「獨上江樓思渺然，月光如水水如天。」
湑湑,xǔ xǔ,ㄒㄩˇ ㄒㄩˇ,茂密繁盛的樣子。詩經．唐風．杕杜：「有杕之杜，其葉湑湑。」清風吹拂。唐．柳宗元．湘源二妃廟碑：「南風湑湑，湘水如舞。」
湛湛,zhàn zhàn,ㄓㄢˋ ㄓㄢˋ,濃重深厚的樣子。詩經．小雅．湛露：「湛湛露斯，匪陽不晞。」南朝梁．武帝．逸民詩十二首之十一：「巖巖山高，湛湛水深。」清明澄澈的樣子。元．關漢卿．竇娥冤．第三折：「若沒些兒靈聖與世人傳，也不見得湛湛青天。」石點頭．卷十二．侯官縣烈女殲仇：「湛湛青天不可欺，未曾舉意早先知；善惡到頭終有報，只爭來早與來遲。」
湜湜,shí shí,ㄕˊ ㄕˊ,水清澈見底的樣子。詩經．邶風．谷風：「涇以渭濁，湜湜其沚。」
湝湝,jiē jiē,ㄐㄧㄝ ㄐㄧㄝ,水流動的樣子，亦指水流聲。詩經．小雅．鼓鐘：「鼓鐘喈喈，淮水湝湝，憂心且悲。」寒冷。如：「冷湝湝的天氣」。
湯湯,shāng shāng,ㄕㄤ ㄕㄤ,水流盛大的樣子。詩經．大雅．江漢：「江漢湯湯，武夫洸洸。」清．夏敬觀．八聲甘州．聽愁霖一陣打窗來詞：「誰管湯湯水？漸蹴吳天。」
溫溫,NA,NA,"NA"
溱溱,zhēn zhēn,ㄓㄣ ㄓㄣ,眾多、茂盛。詩經．小雅．無羊：「旐維旟矣，室家溱溱。」後漢書．卷四十．班彪傳下：「百穀溱溱，庶卉蕃蕪。」微微出汗的樣子。黃帝素問靈樞經．卷六．決氣：「腠理發泄，汗出溱溱，是謂津。」舒發開展的樣子。漢．揚雄．太玄經．卷二．進：「陽引而進，物出溱溱，開明而前。」
溶溶,róng róng,ㄖㄨㄥˊ ㄖㄨㄥˊ,水勢盛大的樣子。南朝梁．江淹．哀千里賦：「水則遠天相逼，浮雲共色，茫茫無底，溶溶不測。」唐．杜牧．阿房宮賦：「二川溶溶，流入宮牆。」寬廣的樣子。楚辭．劉向．九歎．愍命：「心溶溶其不可量兮，情澹澹其若淵。」盛多的樣子。唐．皇甫湜．吉州刺史廳壁記：「瑞露溶溶，降味公松。」清．洪昇．長生殿．第三十二齣：「淚珠兒溶溶滿觴，怕添不下半滴葡萄釀。」明淨且潔白的樣子。唐．許渾．冬日宣城開元寺贈元孚上人詩：「林疏霜摵摵，波靜月溶溶。」暖和。宋．晏殊．採桑子．陽和二月芳菲遍詞：「陽和二月芳菲遍，暖景溶溶。」宋．蘇軾．哨遍．睡起畫堂詞：「初雨歇，洗出碧羅天，正溶溶養花天氣。」
滌滌,NA,NA,"NA"
滔滔,tāo tāo,ㄊㄠ ㄊㄠ,水流滾滾不絕的樣子。詩經．齊風．載驅：「汶水滔滔，行人儦儦。」如：「海浪滔滔」。近滾滾形容說話連續不停。如：「滔滔不絕」。形容混亂。論語．微子：「滔滔者天下皆是也，而誰以易之。」
滺滺,NA,NA,"NA"
滾滾,NA,NA,"NA"
漂搖,NA,NA,"NA"
演漾,NA,NA,"NA"
漠漠,mò mò,ㄇㄛˋ ㄇㄛˋ,寂靜無聲。宋．秦觀．浣溪沙．漠漠輕寒詞：「漠漠輕寒上小樓，曉陰無賴似窮秋。」宋．蘇軾．漁父．漁父笑詞：「漁父笑，輕鷗舉，漠漠一家風雨。」密布羅列的樣子。唐．王維．積雨輞川莊作詩：「漠漠水田飛白鷺，陰陰夏木囀黃鸝。」唐．韋應物．賦得暮雨送李曹詩：「漠漠帆來重，冥冥鳥來遲。」分散布列的樣子。南朝齊．謝朓．游東田詩：「遠樹曖阡阡，生煙紛漠漠。」宋．陸游．病起詩：「斷香漠漠便支枕，芳草離離悔倚闌。」昏暗的樣子。唐．杜甫．秋日夔府詠懷奉寄鄭監李賓客一百韻詩：「兵戈塵漠漠，江漢月娟娟。」
漣漣,lián lián,ㄌㄧㄢˊ ㄌㄧㄢˊ,哭泣流淚的樣子。詩經．衛風．氓：「不見復關，泣涕漣漣。既見復關，載笑載言。」
漫漫,màn màn,ㄇㄢˋ ㄇㄢˋ,無拘無束的樣子。漢書．卷五十三．景十三王傳．江都易王劉非傳：「王前事漫漫，今當自謹。」唐．柳宗元．始得西山宴游記：「其隙也，則施施而行，漫漫而游。」長遠的樣子。唐．岑參．逢入京使詩：「故園東望路漫漫，雙袖龍鍾淚不乾。」無邊無際的樣子。三國演義．第六回：「見紫微垣中白氣漫漫，堅歎曰：『帝星不明，賊臣亂國，萬民塗炭，京城一空！』言訖，不覺淚下。」初刻拍案驚奇．卷一：「四望漫漫，身如一葉，不覺淒然，吊下淚來。」容光煥發。敦煌變文．歡喜國王緣：「盈盈素質，灼灼嬌姿，實可漫漫，偏稱王心。」
漸漸,jiàn jiàn,ㄐㄧㄢˋ ㄐㄧㄢˋ,逐漸。儒林外史．第一回：「那黑雲邊上鑲著白雲，漸漸散去，透出一派日光來，照耀得滿湖通紅。」紅樓夢．第一回：「彼時雖有軍民來救，那火已成了勢，如何救得下？直燒了一夜方漸漸的熄去，也不知燒了幾家。」近慢慢、逐步、逐漸亦作「漸次」。
漾漾,yàng yàng,ㄧㄤˋ ㄧㄤˋ,搖動的樣子。唐．王維．青谿詩：「漾漾泛菱荇，澄澄映葭葦。」唐．溫庭筠．太液池歌：「腥鮮龍氣連清防，花風漾漾吹細光。」
潝潝,xì xì,ㄒㄧˋ ㄒㄧˋ,朋比為奸，眾口附和的樣子。詩經．小雅．小旻：「潝潝訿訿，亦孔之哀。」亦作「翕翕」、「歙歙」。
潰潰,kuì kuì,ㄎㄨㄟˋ ㄎㄨㄟˋ,擾亂的樣子。詩經．大雅．召旻：「昏椓靡共，潰潰回遹。」
澄澄,NA,NA,"NA"
澤澤,NA,NA,"NA"
澹澹,dàn dàn,ㄉㄢˋ ㄉㄢˋ,水搖蕩的樣子。漢．曹操．觀滄海詩：「水何澹澹，山島竦峙。」唐．李白．夢遊天姥吟留別詩：「雲青青兮欲雨，水澹澹兮生煙。」恬靜的樣子。元．趙孟頫．虞美人．潮生潮落詞：「消沉萬古意無窮，盡在長空澹澹鳥飛中。」
澹然,dàn rán,ㄉㄢˋ ㄖㄢˊ,恬靜的樣子。文選．揚雄．長楊賦：「使海內澹然，永亡邊城之災、兵革之患。」唐．柳宗元．晨詣超師院讀禪經詩：「澹然離言說，悟悅心自足。」水波搖動的樣子。唐．溫庭筠．利州南渡詩：「澹然空水帶斜暉，曲島蒼茫接翠微。」
激激,jī jī,ㄐㄧ ㄐㄧ,水勢湍急的樣子。宋．蘇軾．和王蘇州侍太夫人觀燈詩二首之二：「翻翻緹騎走香塵，激激飛濤射火輪。」狀聲詞。形容急流的聲音。唐．韓愈．山石詩：「當流赤足蹋澗石，水聲激激風吹衣。」清澈、清澄。漢．無名氏．戰城南詩：「水深激激，蒲葦冥冥。」
濃濃,nóng nóng,ㄋㄨㄥˊ ㄋㄨㄥˊ,濃厚、盛多的樣子。詩經．小雅．蓼蕭：「蓼彼蕭斯，零露濃濃。」如：「濃濃情意」。反淡淡
濈濈,NA,NA,"NA"
濊濊,huò huò,ㄏㄨㄛˋ ㄏㄨㄛˋ,魚網投入水中的聲音。詩經．魏風．碩人：「施罛濊濊，鱣鮪發發。」宋．蘇軾．戲作放魚詩：「濊濊發發須臾間，圉圉洋洋尋丈外。」
濔濔,mǐ mǐ,ㄇㄧˇ ㄇㄧˇ,眾多的樣子。詩經．齊風．載驅：「四驪濟濟，垂轡濔濔。」
濕濕,shī shī,ㄕ ㄕ,浪濤開合的樣子。文選．木華．海賦：「驚浪雷奔，駭水迸集，開合解會，瀼瀼濕濕。」搖動的樣子。詩經．小雅．無羊：「爾牛來思，其耳濕濕。」小解、小便。元．楊文奎．兒女團圓．第二折：「王獸醫云：『嬸子，我要濕濕去。』」
濛濛,méng méng,ㄇㄥˊ ㄇㄥˊ,昏暗不明。漢書．卷一○○．敘傳上：「昒昕寤而仰思兮，心蒙蒙猶未察。」萌生。大戴禮記．夏小正：「日冬至，陽氣至始動，諸向生皆蒙蒙符矣。」形容多而密布的樣子。楚辭．東方朔．七諫．自悲：「何青雲之流瀾兮，微霜降之蒙蒙。」昏暗不明。引申為不明理、不開通。文選．班固．幽通賦：「昒昕寤而仰思兮，心矇矇猶未察。」形容水氣綿細密布的樣子。晉．陶淵明．停雲詩：「靄靄停雲，濛濛時雨。」三國演義．第一○○回：「三將不能相顧，只管亂撞，但見愁雲漠漠，慘霧濛濛。」迷茫不清的樣子。唐．白居易．江夜舟行詩：「煙澹月濛濛，舟行夜色中。」唐．岑參．與高適薛據登慈恩寺浮圖詩：「五陵北原上，萬古青濛濛。」
濟濟,jǐ jǐ,ㄐㄧˇ ㄐㄧˇ,形容人多，陣容盛大。詩經．大雅．文王：「濟濟多士，文王以寧。」整齊雄美，有威儀的樣子。荀子．大略：「朝廷之美，濟濟鎗鎗。」文選．左思．詠史詩八首之四：「濟濟京城內，赫赫王侯居。」
濡染,rú rǎn,ㄖㄨˊ ㄖㄢˇ,感染、參雜。宋．蘇籀．遺言：「公言近世學問，濡染陳俗卻人，雖善士亦或不免。」近沾染溼潤。常指提筆寫字作畫。唐．李商隱．韓碑詩：「公退齋戒坐小閣，濡染大筆何淋漓。」明．高濂．玉簪記．第十齣：「（外）​仙姑手中佳扇，為何無人題寫？（旦）​欲求足下濡染，未敢輕凟。」
濯濯,zhuó zhuó,ㄓㄨㄛˊ ㄓㄨㄛˊ,光明。詩經．大雅．崧高：「四牡蹻蹻，鉤膺濯濯。」毛亨．傳：「濯濯，光明也。」清朗、清新。唐．喬知之．折楊柳詩：「可憐濯濯春楊柳，攀折將來就纖手。」宋．蘇軾．記所見開元寺吳道子畫佛滅度以答子由題畫文殊普賢詩：「初如濛濛隱山玉，漸如濯濯出水蓮。」形容山上沒有草木。孟子．告子上：「牛山之木嘗美矣，……牛羊又從而牧之，是以若彼濯濯也。」肥壯。詩經．大雅．靈臺：「麀鹿濯濯，白鳥翯翯。」明．徐復祚．投梭記．第十九齣：「體濯濯以馴肥，常侍姬文于靈囿。」
瀌瀌,biāo biāo,ㄅㄧㄠ ㄅㄧㄠ,雨雪盛多的樣子。詩經．小雅．角弓：「雨雪瀌瀌，見晛曰消。」
瀟瀟,xiāo xiāo,ㄒㄧㄠ ㄒㄧㄠ,風狂雨驟的樣子。詩經．鄭風．風雨：「風雨瀟瀟，雞鳴膠膠。」明．無名氏．尋親記．第三齣：「雨瀟瀟似銀燭千條，瀉平地頓成滄海。」
瀰瀰,NA,NA,"NA"
瀼瀼,ráng ráng,ㄖㄤˊ ㄖㄤˊ,露水很濃的樣子。詩經．小雅．蓼蕭：「蓼彼蕭斯，零露瀼瀼。」
灌灌,guàn guàn,ㄍㄨㄢˋ ㄍㄨㄢˋ,水流盛大的樣子。宋書．卷三十一．五行志二：「虎從北來鼻頭汗，龍從南來登城看水從西來何灌灌。」誠懇的樣子。詩經．大雅．板：「天之方虐，無然謔謔，老夫灌灌，小子蹻蹻。」憂懼而無處傾訴的樣子。
灼灼,zhuó zhuó,ㄓㄨㄛˊ ㄓㄨㄛˊ,花茂盛鮮明。詩經．周南．桃夭：「桃之夭夭，灼灼其華。」唐．白居易．秦中吟．買花：「灼灼百朵紅，戔戔五束素。」明亮。文選．阮籍．詠懷詩十七首之十四：「灼灼西隤日，餘光照我衣。」
炎炎,yán yán,ㄧㄢˊ ㄧㄢˊ,很熱的樣子。如：「夏日炎炎」。熱氣很盛的樣子。詩經．大雅．雲漢：「赫赫炎炎，云我無所。」紅樓夢．第一回「只見烈日炎炎，芭蕉冉冉，夢中之事便忘了對半。」火光猛烈的樣子。史記．卷二十七．天官書：「炎炎有光，偃兵。」清．金俞邁．詠木棉事詩：「鋤花偏喜日卓午，曦馭炎炎似火輪。」權勢顯赫的樣子。文選．揚雄．解嘲：「炎炎者滅，隆隆者絕。」
炰烋,páo xiāo,ㄆㄠˊ ㄒㄧㄠ,氣勢剛健驕傲。詩經．大雅．蕩：「咨女殷商，女炰烋于中國，斂怨以為德。」
烈烈,liè liè,ㄌㄧㄝˋ ㄌㄧㄝˋ,高峻的樣子。詩經．小雅．蓼莪：「南山烈烈，飄風發發。」形容極端強烈。唐．張說．祭石嶺戰亡士文：「嗟爾戰夫，烈烈忠勇，奮不顧命，志無旋踵。」狀聲詞：(1)​ 形容風的聲音。晉．劉琨．扶風歌：「烈烈悲風起，泠泠澗水流。」(2)​ 形容聲音多且繁雜。南朝宋．謝惠連．擣衣詩：「肅肅莎雞羽，烈烈寒蟹啼。」(3)​ 形容水流的聲音。唐．皮日休．霍山賦：「有泉烈烈，其來如決。」
烝烝,zhēng zhēng,ㄓㄥ ㄓㄥ,興盛的樣子。如：「草木烝烝，日以繁茂。」德業淳厚的樣子。書經．堯典：「克諧以孝烝烝，乂不格姦。」史記．卷一二二．酷吏傳．序：「網漏於吞舟之魚，而吏治烝烝，不至於姦，黎民艾安。」
焞焞,NA,NA,"NA"
煌煌,huáng huáng,ㄏㄨㄤˊ ㄏㄨㄤˊ,光明的樣子。詩經．陳風．東門之楊：「東門之楊，其葉牂牂。昏以為期，明星煌煌。」
熇熇,hè hè,ㄏㄜˋ ㄏㄜˋ,火勢熾盛的樣子，多指慘毒的惡政。詩經．大雅．板：「多將熇熇，不可救藥。」興旺的樣子。明．劉基．靈丘丈人：「是何昔者之熇熇，而今日之涼涼也。」
熏熏,xūn xūn,ㄒㄩㄣ ㄒㄩㄣ,和悅的樣子。詩經．大雅．鳧鷖：「鳥鷖在亹，公尸來止熏熏。」文選．張衡．東京賦：「君臣歡康，具醉熏熏。」眾多的樣子。漢．揚雄．太玄經．卷二．交：「往來熏熏，得亡之門。」
熠燿,yì yào,ㄧˋ ㄧㄠˋ,光亮鮮明的樣子。詩經．豳風．東山：「倉庚于飛，熠燿其羽。」唐．陳鴻．長恨傳：「時每歲十月，駕幸華清宮，內外命婦，熠燿景從。」螢火。詩經．豳風．東山：「町畽鹿場，熠燿宵行。」文選．潘岳．秋興賦：「熠燿粲於階闥兮，蟋蟀鳴乎軒屏。」
營營,yíng yíng,ㄧㄥˊ ㄧㄥˊ,往來頻繁的樣子。詩經．小雅．青蠅：「營營青蠅，止于樊。」唐．白居易．白牡丹詩：「城中看花客，旦暮走營營。」追求奔逐。莊子．庚桑楚：「全汝形，抱汝生，勿使汝思慮營營。」宋．蘇軾．臨江仙．夜飲東坡醒復醉詞：「長恨此身非我有，何時忘卻營營？」內心煩躁不安。聊齋志異．卷十．炙戩：「中心營營，寢食都廢。」
爗爗,NA,NA,"NA"
爰爰,yuán yuán,ㄩㄢˊ ㄩㄢˊ,舒緩的樣子。詩經．王風．兔爰：「有兔爰爰，雉離于羅。」
牂牂,zāng zāng,ㄗㄤ ㄗㄤ,枝葉茂盛的樣子。詩經．陳風．東門之楊：「東門之楊，其葉牂牂。」毛亨．傳：「牂牂然，盛貌。」
猗儺,ě nuó,ㄜˇ ㄋㄨㄛˊ,柔順的樣子。詩經．檜風．隰有萇楚：「隰有萇楚，猗儺其枝。」
猗嗟,yī jiē,ㄧ ㄐㄧㄝ,表示讚嘆的語詞。詩經．齊風．猗嗟：「猗嗟昌兮，頎而長兮。」毛亨．傳：「猗嗟，歎辭。」唐．張說．大唐中散大夫行淄州司馬鄭府君神道碑：「猗嗟君子，世濟其美。」詩經齊風的篇名。共三章。根據詩序：「猗嗟，刺魯莊公也。」首章二句為：「猗嗟昌兮，頎而長兮。」猗嗟，嘆詞。
猗猗,yī yī,ㄧ ㄧ,美盛的樣子。詩經．衛風．淇奧：「瞻彼淇奧，綠竹猗猗。」柔和的樣子。文選．嵇康．琴賦：「微風餘音，靡靡猗猗。」
猗與,NA,NA,"NA"
玲瓏,líng lóng,ㄌㄧㄥˊ ㄌㄨㄥˊ,狀聲詞。形容玉聲。文選．班固．東都賦：「龢鑾玲瓏，天官景從。」明亮的樣子。唐．李白．玉階怨詩：「卻下水晶簾，玲瓏望秋月。」形容器物細緻精巧。唐．白居易．長恨歌：「樓閣玲瓏五雲起，其中綽約多仙子。」初刻拍案驚奇．卷七：「面前有座玲瓏四柱牌樓，抬頭看時，上面有個大匾額。」比喻人聰明、靈活。如：「玲瓏剔透」、「玲瓏活潑」。
瑟瑟,sè sè,ㄙㄜˋ ㄙㄜˋ,碧綠的寶石。新唐書．卷一三五．高仙芝傳：「仙芝為人貪，破石，獲瑟瑟十餘斛。」元史．卷二十四．仁宗本紀一：「帝曰：『所寶惟賢，瑟瑟何用焉？』」形容風聲。三國．魏．劉楨．贈從弟詩：「亭亭山上松，瑟瑟谷中風。」唐．白居易．琵琶行：「潯陽江頭夜送客，楓葉荻花秋瑟瑟。」形容寒冷瑟縮的樣子。官場現形記．第十四回：「只剩得一件布衫，跪在地下，瑟瑟抖個不了。」
瑣瑣,suǒ suǒ,ㄙㄨㄛˇ ㄙㄨㄛˇ,鄙陋、平庸。詩經．小雅．節南山：「瑣瑣姻亞，則無膴仕。」北史．卷二十一．崔宏傳：「但恐諸將瑣瑣，前後顧慮，不能乘勝深入，使不全舉耳。」形容聲音細碎叨絮。唐．杜牧．送劉三復郎中赴闕詩：「玉珂聲瑣瑣，錦帳夢悠悠。」封神演義．第九十三回：「既將軍有猜疑之念，貧道又何必在此瑣瑣也？」
瑲瑲,NA,NA,"NA"
甡甡,shēn shēn,ㄕㄣ ㄕㄣ,眾多並行的樣子。詩經．大雅．桑柔：「瞻彼中林，甡甡其鹿。」
甫甫,NA,NA,"NA"
町畽,tǐng tuǎn,ㄊㄧㄥˇ ㄊㄨㄢˇ,田舍房邊的空地。詩經．豳風．東山：「町畽鹿場，燿燿宵行。」禽獸踐踏的地方。
畇畇,yún yún,ㄩㄣˊ ㄩㄣˊ,田地開墾得很平的樣子。詩經．小雅．信南山：「畇畇原隰，曾孫田之。」
畟畟,cè cè,ㄘㄜˋ ㄘㄜˋ,鋒利的樣子。詩經．周頌．良耜：「畟畟良耜，俶載南畝。」
番番,fān fān,ㄈㄢ ㄈㄢ,次次。元．關漢卿．陳母教子．第三折：「母親要打我，番番不曾靜扮。」元．無名氏．博望燒屯．第二折：「上的馬去，番番不濟，到的陣前，則是盹睡。」
痯痯,NA,NA,"NA"
登登,dēng dēng,ㄉㄥ ㄉㄥ,狀聲詞：(1)​ 形容築牆用力相應的聲音。詩經．大雅．綿：「築之登登，削屢馮馮。」(2)​ 形容打碑的聲音。宋．蘇軾．孫莘老求墨妙亭詩：「龜趺入座螭隱壁、空齋晝靜聞登登。」
發發,fā fā,ㄈㄚ ㄈㄚ,風吹強烈、急速的樣子。詩經．小雅．蓼莪：「南山烈烈，飄風發發。」亦作「弗弗」。
皇皇,huáng huáng,ㄏㄨㄤˊ ㄏㄨㄤˊ,美盛鮮明的樣子。詩經．小雅．皇皇者華：「皇皇者華，於彼原隰。」徬徨不安的樣子。孟子．滕文公下：「孔子三月無君，則皇皇如也。」三國演義．第三十回：「袁紹既去了許攸，又去了張郃、高覽，又失了烏巢糧，軍心皇皇。」亦作「惶惶」、「遑遑」。
皎皎,jiǎo jiǎo,ㄐㄧㄠˇ ㄐㄧㄠˇ,潔白的樣子。詩經．小雅．白駒：「皎皎白駒，食我場苗。」文選．何晏．景福殿賦：「皎皎白間，離離列錢。」近潔白、皎白、皎潔光明的樣子。文選．古詩十九首．明月何皎皎：「明月何皎皎，照我羅床幃。」文選．孔稚珪．北山移文：「其亭亭物表，皎皎霞外。」近皎潔
皐皐,NA,NA,"NA"
盤盤,pán pán,ㄆㄢˊ ㄆㄢˊ,形容迴旋曲折的樣子。唐．李白．蜀道難：「青泥何盤盤，百步九折縈巖巒。」形容盛大的樣子。南朝宋．檀道鸞．續晉陽秋．郄超：「大才槃槃謝家安，江東獨步王文度，盛德日新郄嘉賓。」
睍睆,xiàn huǎn,ㄒㄧㄢˋ ㄏㄨㄢˇ,明亮美好的樣子。詩經．邶風．凱風：「睍睆黃鳥，載好其音。」西湖二集．卷十二：「黃鶯睍睆，紫燕呢喃，柳枝頭，湖草岸，奏數部管弦。」
睘睘,NA,NA,"NA"
睠睠,NA,NA,"NA"
瞿瞿,NA,NA,"NA"
矜矜,jīn jīn,ㄐㄧㄣ ㄐㄧㄣ,堅強的樣子。詩經．小雅．無羊：「矜矜兢兢，不騫不崩。」形容戒慎危懼的樣子。後漢書．卷三十下．郎顗傳：「豈可不剛健篤實，矜矜慄慄，以守天功盛德大業乎？」三國志．卷二十五．魏書．高堂隆傳：「畏上天之明命，循陰陽之逆順，矜矜業業，惟恐有違。」
矯矯,jiǎo jiǎo,ㄐㄧㄠˇ ㄐㄧㄠˇ,勇武的樣子。詩經．魯頌．泮水：「矯矯虎臣，在泮獻馘。」文選．潘岳．楊荊州誄：「矯矯楊侯，晉之爪牙。」高舉的樣子。唐．張九齡．感遇詩十二首之四：「矯矯珍木巔，得無金丸懼。」卓然出眾的樣子。漢書．卷一○○．敘傳下：「賈生矯矯，弱冠登朝。」
磬控,qìng kòng,ㄑㄧㄥˋ ㄎㄨㄥˋ,不讓馬前進的馭馬方法。詩經．鄭風．大叔于田：「抑磬控忌，抑縱送忌。」
祁祁,qí qí,ㄑㄧˊ ㄑㄧˊ,舒緩閒靜的樣子。詩經．召南．采蘩：「被之祁祁，薄言還歸。」文選．班固．東都賦．靈臺詩：「習習祥風，祁祁甘雨。」眾多的樣子。詩經．豳風．七月：「春日遲遲，采蘩祁祁。」文選．左思．魏都賦：「有客祁祁，載華載裔。」
祛祛,NA,NA,"NA"
秩秩,zhì zhì,ㄓˋ ㄓˋ,清明的樣子。詩經．大雅．假樂：「威儀抑抑，德音秩秩。」肅敬的樣子。詩經．小雅．賓之初筵：「賓之初筵，左右秩秩。」水流的樣子。詩經．小雅．斯干：「秩秩斯干，幽幽南山。」有順序的樣子。荀子．仲尼：「貴賤長少，秩秩焉。」
穆穆,mù mù,ㄇㄨˋ ㄇㄨˋ,美好。詩經．大雅．文王：「穆穆文王，於緝熙敬止。」威儀盛大的樣子。禮記．曲禮下：「天子穆穆，諸侯皇皇，大夫濟濟，士蹌蹌，庶人僬僬。」深遠的樣子。如：「神思穆穆」。平和恭敬的樣子。書經．呂刑：「穆穆在上，明明在下，灼于四方，罔不惟德之勤。」柔和。漢．無名氏．穆穆清風至詩：「穆穆清風至，吹我羅衣裙。」
穟穟,suì suì,ㄙㄨㄟˋ ㄙㄨㄟˋ,禾苗茂盛美好的樣子。詩經．大雅．生民：「禾役穟穟，麻麥幪幪。」
穰穰,ráng ráng,  ㄖㄤˊ ㄖㄤˊ,豐盛繁多的樣子。詩經．周頌．執競：「降福穰穰，降福簡簡。」史記．卷一二六．滑稽傳．淳于髡傳：「五穀蕃熟，穰穰滿家。」眾多的樣子。紛亂的樣子。
究究,jiù jiù,ㄐㄧㄡˋ ㄐㄧㄡˋ,憎惡而不相親近的樣子。詩經．唐風．羔裘：「羔裘豹褎，自我人究究。」不停的樣子。楚辭．劉向．九歎．遠逝：「遭傾遇禍不可救兮，長吟永欷涕究究兮。」
突兀,tú wù,ㄊㄨˊ ㄨˋ,高聳的樣子。唐．韓愈．謁衡嶽廟遂宿嶽寺題門樓詩：「須臾靜掃眾峰出，仰見突兀撐青空。」反凹陷唐突意外。文明小史．第二十五回：「當下公民忽說出那句突兀的話來，大家驚問所以。」
窈窕,yǎo tiǎo,ㄧㄠˇ ㄊㄧㄠˇ,幽靜美好的樣子。詩經．周南．關雎：「窈窕淑女，君子好逑。」清．王國維．蝶戀花．百尺朱樓臨大道詞：「獨倚闌干人窈窕，閒中數盡行人小。」妖冶的樣子。後漢書．卷八十四．列女傳．曹世叔妻傳：「入則亂髮壞形，出則窈窕作態。」深遠的樣子。文選．郭璞．江賦：「潛逵傍通，幽岫窈窕。」文選．陶淵明．歸去來辭：「既窈窕以尋壑，亦崎嶇而經丘。」
管管,guǎn guǎn,ㄍㄨㄢˇ ㄍㄨㄢˇ,沒有依靠。詩經．大雅．板：「靡聖管管，不實於亶。」形容見識的狹小。如：「他那管管之見，聽聽就好，你又何須在意？」
簡簡,jiǎn jiǎn,ㄐㄧㄢˇ ㄐㄧㄢˇ,廣大、盛大的樣子。詩經．周頌．執競：「降福簡簡，威儀反反。」
籊籊,NA,NA,"NA"
粲粲,càn càn,ㄘㄢˋ ㄘㄢˋ,鮮明華美的樣子。詩經．小雅．大東：「西人之子，粲粲衣服。」
粼粼,lín lín,ㄌㄧㄣˊ ㄌㄧㄣˊ,水流清澈的樣子。清．毛奇齡．相見歡．花前顧影粼粼詞：「花前顧影粼粼，水中人，水面殘花片片繞人身。」
糾糾,jiū jiū,ㄐㄧㄡ ㄐㄧㄡ,纏繞的樣子。詩經．魏風．葛屨：「糾糾葛屨，可以履霜。」雄壯勇武的樣子。後漢書．卷三十七．桓榮傳．章懷太子．注引謝承書曰：「上嘗歎曰：『糾糾武夫，公侯干城，何湯之謂也。』」亦作「赳赳」。
紛紛,fēn fēn,ㄈㄣ ㄈㄣ,多而雜亂的樣子。孟子．滕文公上：「何為紛紛然，與百工交易。」唐．杜牧．清明詩：「清明時節雨紛紛，路上行人欲斷魂。」接連不斷的樣子。如：「國內經濟正逢不景氣，各公司行號紛紛裁員，縮減編制。」
紛綸,fēn lún,ㄈㄣ ㄌㄨㄣˊ,浩博。後漢書．卷八十三．逸民傳．井丹傳：「通五經，善談論，故京師為之語曰：『五經紛綸井大春。』」紛亂。唐．杜甫．麗人行：「犀箸厭飫久未下，鑾刀縷切空紛綸。」唐．李朝威．柳毅傳：「且以率肆胸臆，酧酢紛綸。」眾多的樣子。南朝齊．孔稚圭．北山移文：「常綢繆於結課，每紛綸於折獄。」繁美的樣子。三國．魏．嵇康．琴賦：「紛綸翕響，冠眾藝兮。」
細細,xì xì,ㄒㄧˋ ㄒㄧˋ,仔細、詳細。文明小史．第三十二回：「你將此情形細細的告訴他。」輕微的樣子。唐．杜甫．宣政殿退朝晚出左掖詩：「宮草微微承委佩，鑪煙細細駐遊絲。」極細。如:「細細的麵條。」緩慢的樣子。唐．杜甫．江畔獨步尋花七絕句七首之七：「繁枝容易紛紛落，嫩葉商量細細開。」緊密。宋．蘇軾．風水洞二首和李節推詩：「細細龍鱗生亂石，團團羊角轉空巖。」
綏綏,suī suī,ㄙㄨㄟ ㄙㄨㄟ,走路遲緩的樣子。詩經．衛風．有狐：「有狐綏綏，在彼淇梁。」安泰的樣子。荀子．儒效：「綏綏兮其有文章也。」落下的樣子。宋．梅堯臣．五月十日雨中飲詩：「梅天下梅雨，綏綏如亂麻。」
綢繆,chóu móu,ㄔㄡˊ ㄇㄡˊ,親密、纏綿。文選．李陵．與蘇武詩三首之二：「獨有盈觴酒，與子結綢繆。」清．龔自珍．浪淘沙．好夢最難留詞：「中有話綢繆，燈火簾鉤，是仙是幻是溫柔。」近繾綣、纏綿纏縛。引申為修補，使之堅固。詩經．豳風．鴟鴞：「徹彼桑土，綢繆牖戶。」花朵稠密的樣子。文選．左思．吳都賦：「榮色雜糅，綢繆縟繡。」
綽綽,NA,NA,"NA"
綿綿,mián mián,ㄇㄧㄢˊ ㄇㄧㄢˊ,形容連續不絕。詩經．王風．葛藟：「綿綿葛藟，在河之滸。」唐．白居易．長恨歌：「天長地久有時盡，此恨綿綿無絕期。」
緜緜,NA,NA,"NA"
緜蠻,NA,NA,"NA"
緝緝,qì qì,ㄑㄧˋ ㄑㄧˋ,私語聲。詩經．小雅．巷伯：「緝緝翩翩，謀欲譖人。」
縹緲,piǎo miǎo,ㄆㄧㄠˇ ㄇㄧㄠˇ,高遠隱忽而不明。唐．白居易．長恨歌：「忽聞海上有仙山，山在虛無縹緲間。」明．葉憲祖．易水寒．第二折：「縹緲層臺，勢凌空列星堪摘。」或作「漂渺」、「飄眇」、「飄渺」、「飄緲」、「瞟眇」、「縹眇」、「縹渺」。聲音清揚而長。儒林外史．第三十回：「歌聲縹緲，直入雲霄。」亦作「飄眇」。
繩繩,shéng shéng,ㄕㄥˊ ㄕㄥˊ,相續不絕的樣子。詩經．周南．螽斯：「螽斯羽薨薨兮，宜爾子孫繩繩兮。」戒慎謹敬。漢書．卷二十二．禮樂志：「繩繩意變，備得其所。」無涯際的樣子。老子．第十四章：「繩繩不可名，復歸於無物。」正直的樣子。鶡冠子．卷中．泰鴻：「精微往來，傾傾繩繩。」
繹繹,yì yì,ㄧˋ ㄧˋ,善走。詩經．魯頌．駉：「有駵有雒，以車繹繹。」調和的樣子。漢書．卷七十三．韋賢傳：「繹繹六轡，是列是理。」興盛不絕的樣子。爾雅．釋訓：「繹繹，生也。」文選．揚雄．甘泉賦：「是時未轃夫甘泉也，迺望通天之繹繹。」
繾綣,qiǎn quǎn,ㄑㄧㄢˇ ㄑㄩㄢˇ,情意纏綿不忍分離的樣子。唐．元稹．會真詩三十韻：「留連時有限，繾綣意難終。」二刻拍案驚奇．卷十七：「兩個解衣就枕，魚水歡情，極其繾綣。」近綢繆、纏綿
罩罩,NA,NA,"NA"
習習,xí xí,ㄒㄧˊ ㄒㄧˊ,舒和的樣子。詩經．邶風．谷風：「習習谷風，以陰以雨。」儒林外史．第三十三回：「趁著這春光融融，和氣習習，憑在欄杆上，留連痛飲。」飛動的樣子。文選．左思．詠史詩八首之八：「習習籠中鳥，舉翮觸四隅。」盛多的樣子。文選．左思．魏都賦：「習習冠蓋，莘莘蒸徒。」行走的樣子。文選．張衡．東京賦：「肅肅習習，隱隱轔轔。」
翛翛,xiāo xiāo,ㄒㄧㄠ ㄒㄧㄠ,鳥羽殘破的樣子。詩經．豳風．鴟鴞：「予羽譙譙，予尾翛翛。」狀聲詞。形容雨聲。宋．蘇軾．舟行至清遠縣見顧秀才詩：「江雲漠漠桂花濕，海雨翛翛荔子然。」
翠微,cuì wéi,ㄘㄨㄟˋ ㄨㄟˊ,山旁彎曲不平的地方。唐．白居易．香山避暑二絕詩二首之二：「紗巾草履竹疏衣，晚下香山蹋翠微。」淡青色的山嵐。唐．杜甫．秋興詩八首之二：「千家山郭靜朝暉，百日江樓坐翠微。」
翡翠,fěi cuì,ㄈㄟˇ ㄘㄨㄟˋ,動物名。一種鳥。鳥綱佛法僧目。與魚狗同類，稍大，全體羽毛帶赤褐色，惟臀部中央與上尾間有白紋一條，又雜以青色斑紋，羽毛可作裝飾品。硬玉中含鉻而呈翠綠色者。主要成分為鈉鋁矽酸鹽，屬單斜晶系，光澤如脂，半透明，可作珍貴飾品。亦稱為「翠玉」。
翩翩,piān piān,ㄆㄧㄢ ㄆㄧㄢ,鳥輕飛的樣子。文選．曹植．贈白馬王彪詩：「歸鳥赴喬林，翩翩厲羽翼。」唐．白居易．燕詩示劉叟詩：「梁上有雙燕，翩翩雄與雌。」行動輕快的樣子。楚辭．屈原．九歌．湘君：「石瀨兮淺淺，飛龍兮翩翩。」唐．白居易．新樂府．賣炭翁：「兩騎翩翩來是誰？黃衣使者白衫兒。」如：「翩翩起舞」。往來的樣子。文選．左思．吳都賦：「其鄰則有任俠之靡，輕訬之客，締交翩翩，儐從弈弈。」亦作「幡幡」。自得自喜的樣子。文選．張華．鷦鷯賦：「翩翩然，有以自樂也。」形容文采風流的樣子。文選．曹丕．與吳質書：「元瑜書記翩翩，致足樂也。」形容舉止灑脫的樣子。初刻拍案驚奇．卷三十四：「在門縫裡窺看，只見聞人生逸致翩翩，有出塵之態。」
翯翯,hè hè,ㄏㄜˋ ㄏㄜˋ,潔白肥潤的樣子。詩經．大雅．靈臺：「麀鹿濯濯，白鳥翯翯。」
翱翔,áo xiáng,ㄠˊ ㄒㄧㄤˊ,鳥回旋高飛。淮南子．俶真：「今矰繳機而在上，罔罟張而在下，雖欲翱翔，其勢焉得？」文選．宋玉．對楚王問：「鳳皇上擊九千里，絕雲霓、負蒼天，翱翔乎杳冥之上。」近遨遊、飛翔、飛行敖遊、彷徉。詩經．齊風．載驅：「魯道有蕩，齊子翱翔。」文選．賈誼．鵩鳥賦：「寥廓忽荒兮，與道翱翔。」
翹翹,qiáo qiáo,ㄑㄧㄠˊ ㄑㄧㄠˊ,高而錯雜。詩經．周南．漢廣：「翹翹錯薪，言刈其楚。」危險。詩經．豳風．鴟鴞：「予室翹翹，風雨所漂搖。」遠。左傳．莊公二十二年：「翹翹車乘，招我以弓。」出群。文選．潘岳．關中詩：「翹翹趙王，請徒三萬。」
翼翼,yì yì,ㄧˋ ㄧˋ,健壯的樣子。詩經．小雅．采芑：「四騏翼翼，路車有奭。」恭敬謹慎的樣子。詩經．大雅．大明：「維此文王，小心翼翼，昭事上帝，聿懷多福。」繁盛的樣子。詩經．小雅．楚茨：「我黍與與，我稷翼翼。」
翽翽,huì huì,ㄏㄨㄟˋ ㄏㄨㄟˋ,狀聲詞。形容振翅高飛的聲音。詩經．大雅．卷阿：「鳳皇于飛，翽翽其羽。」煩擾的樣子。漢．袁康．越絕書．卷五．越絕請糴內傳六：「申胥為人臣也，辨其君，何必翽翽乎！」
耳耳,ěr ěr,ㄦˇ ㄦˇ,爾爾，盛多的樣子。詩經．魯頌．閟宮：「龍旂承祀，六轡耳耳。」挺立的樣子。宋．梅堯臣．得餘干李尉書錄示唐人于越亭詩因以寄題：「南斗戛湖波不起，長刀剡峰碧耳耳。」不滿足的語詞，相當於如此、而已。如：「素聞他膽識過人，今見不過耳耳。」
耿耿,gěng gěng,ㄍㄥˇ ㄍㄥˇ,光明安靜的樣子。唐．白居易．長恨歌:「遲遲鐘鼓初長夜，耿耿星河欲曙天。」心中掛懷、煩躁不安的樣子。三國．魏．曹操．讓縣自明本志令：「言有不遜之志，忘相忖度，每用耿耿。」輾轉反側，不得入眠的樣子。詩經．邶風．柏舟：「耿耿不寐，如有隱憂。」形容誠信守節。楚辭．劉向．九歎．惜賢：「進雄鳩之耿耿兮，讒介介而蔽之。」
肅肅,sù sù,ㄙㄨˋ ㄙㄨˋ,恭謹的樣子。詩經．周南．兔罝：「肅肅兔罝，施于中逵。」迅速、匆忙的樣子。詩經．召南．小星：「肅肅宵征，抱衾與裯。」嚴正的樣子。詩經．小雅．黍苗：「肅肅謝功，召伯營之。」狀聲詞。形容風聲。後漢書．卷八十四．列女傳．董祀妻傳：「翩翩吹我衣，肅肅入我耳。」
肺肺,pèi pèi,ㄆㄟˋ ㄆㄟˋ,形容植物生長茂盛的樣子。詩經．陳風．東門之楊：「東門之楊，其葉肺肺。」亦作「旆旆」、「芾芾」。
脫脫,NA,NA,"NA"
膠膠,jiāo jiāo,ㄐㄧㄠ ㄐㄧㄠ,狀聲詞。形容禽鳥的鳴聲。詩經．鄭風．風雨：「風雨瀟瀟，雞鳴膠膠。」後漢書．卷六十上．馬融傳：「群鳴膠膠，鄙騃譟讙。」紛擾的樣子。莊子．天道：「堯曰：『膠膠擾擾乎！子，天之合也；我，人之合也。』」
膴膴,wǔ wǔ,ㄨˇ ㄨˇ,肥美。詩經．大雅．綿：「周原膴膴，蓳荼如飴。」
芃芃,péng péng,ㄆㄥˊ ㄆㄥˊ,繁茂的樣子。詩經．鄘風．載馳：「我行其野，芃芃其麥。」
芒芒,máng máng,ㄇㄤˊ ㄇㄤˊ,廣大的樣子。詩經．商頌．玄鳥：「天命玄鳥，降而生商，宅殷土芒芒。」文選．張衡．思玄賦：「建罔車幕幕兮，獵青林之芒芒。」遠的樣子。文選．左思．魏都賦：「綷以藻詠，芒芒終古。」疲倦的樣子。孟子．公孫丑上：「宋有閔其苗之不長而揠之者，芒芒然歸。」無知的樣子。漢．武帝．李夫人賦：「驩接狎以離別兮，宵寤夢之芒芒。」多的樣子。文選．束皙．補亡詩：「芒芒其稼，參參其穡。」盛的樣子。文選．陸機．門有車馬客行：「墳壠日月多，松柏鬱芒芒。」
芬芬,fēn fēn,ㄈㄣ ㄈㄣ,香氣。文選．何晏．景福殿賦：「藹藹萋萋，馥馥芬芬。」盛美。文選．揚雄．甘泉賦：「肸蠁豐融，懿懿芬芬。」雜亂。逸周書．祭公：「嗚呼！三公汝念哉，汝無泯泯芬芬，厚顏忍醜，時維大不弔哉。」
芬芳,fēn fāng,ㄈㄣ ㄈㄤ,香氣。荀子．榮辱：「口辨酸鹹甘苦，鼻辨芬芳腥臊。」近芳香反腐臭、惡臭形容香氣淡雅。文選．司馬相如．子虛賦：「樝梨梬栗，橘柚芬芳。」形容事物的美好。南朝梁．劉勰．文心雕龍．頌讚：「及三閭橘頌，情采芬芳，比類寓意，又覃及細物矣。」
苒苒,rǎn rǎn,ㄖㄢˇ ㄖㄢˇ,草茂盛的樣子。唐．陳翊．龍池春草詩：「因風初苒苒，覆岸欲離離。」輕柔的樣子。唐．白居易．題小橋前新竹招客詩：「橋前何所有，苒苒新生竹。」漸漸的樣子。宋．柳永．八聲甘州．對瀟瀟暮雨灑江天詞：「是處紅衰翠減，苒苒物華休。」
英英,yīng yīng,ㄧㄥ ㄧㄥ,俊美、氣概不凡。南史．卷四十八．陸慧曉傳：「顧琛一公兩掾，英英門戶。」白雲舒卷的樣子。詩經．小雅．白華：「英英白華，露彼菅茅。」南朝宋．謝莊．懷園引：「朱光藹藹雲英英，新禽喈喈又晨鳴。」音樂和諧美盛的樣子。呂氏春秋．仲夏紀．古樂：「以其尾鼓其腹，其音英英。」
苾苾,bì bì,ㄅㄧˋ ㄅㄧˋ,香氣濃郁。詩經．小雅．信南山：「是蒸是享，苾苾芬芬，祀事孔明。」鄭玄．箋：「苾苾芬芬然，香祀禮於是則甚明也。」或作「飶飶」。
茀茀,NA,NA,"NA"
茫然,máng rán,ㄇㄤˊ ㄖㄢˊ,無所知的樣子。唐．韓愈．宿曾江口示姪孫湘詩：「茫然失所詣，無路何能還。」紅樓夢．第三十三回：「見寶釵進來，方得便出來，茫然不知何往。」悵惘若失的樣子。唐．杜甫．送韋書記赴安西詩：「欲浮江海去，此別意茫然。」廣遠的樣子。唐．李白．行路難三首之一：「停杯投箸不能食，拔劍四顧心茫然。」唐．杜甫．遣興詩三首之一：「下馬古戰場，四顧但茫然。」
茫茫,máng máng,ㄇㄤˊ ㄇㄤˊ,水勢浩大無邊的樣子。唐．杜甫．城上詩：「風吹花片片，春動水茫茫。」廣大無邊的樣子。唐．杜甫．宿花石戍詩：「茫茫天造間，理亂豈恆數。」唐．白居易．長恨歌：「上窮碧落下黃泉，兩處茫茫皆不見。」不明的樣子。宋．蘇軾．江城子．十年生死兩茫茫詞：「十年生死兩茫茫，不思量、自難忘。」目視不明的樣子。唐．韓愈．祭十二郎文：「吾年未四十，而視茫茫，而髮蒼蒼。」
茷茷,fá fá,ㄈㄚˊ ㄈㄚˊ,整齊有法度的樣子。詩經．魯頌．泮水：「其旂茷茷，鸞聲噦噦。」
草草,cǎo cǎo,ㄘㄠˇ ㄘㄠˇ,憂勞的樣子。詩經．小雅．巷伯：「驕人好好，勞人草草。」毛亨．傳：「草草，勞心也。」唐．李商隱．贈送前劉五經映三十四韻：「草草臨盟誓，區區務富強。」粗率、不認真、不細膩。初刻拍案驚奇．卷十一：「明知這事有些尷尬，也將來草草問成，竟不想殺人可恕，情理難容。」儒林外史．第四十二回：「功名事大，不可草草。」草木茂盛的樣子。宋．蘇軾．和子由記園中草木詩十一首之三：「君看藜與藿，生意常草草。」嘈雜吵嚷，騷動不安的樣子。北齊書．卷三十．高德政傳：「世宗暴崩，事出倉卒，群情草草。」唐．孟雲卿．古挽歌：「草草閭巷喧，塗車儼成位。」書信末尾所附客套語，表簡陋欠恭敬之意。
莫莫,NA,NA,"NA"
莽莽,mǎng mǎng,ㄇㄤˇ ㄇㄤˇ,草木茂盛幽深的樣子。楚辭．屈原．九章．懷沙：「滔滔孟夏兮，草木莽莽。」渺無邊際的樣子。唐．杜甫．秦州雜詩二十首之七：「莽莽萬重山，孤城山谷間。」唐．岑參．走馬川行奉封大夫出師西征詩：「君不見走馬川雪海邊，平沙莽莽黃入天。」
菁菁,jīng jīng,ㄐㄧㄥ ㄐㄧㄥ,草木茂盛的樣子。詩經．小雅．菁菁：「菁菁者莪，在彼中阿，既見君子，樂且有儀。」亦作「青青」。詩經小雅的篇名。共四章。根據詩序：「菁菁者莪，樂育材也。」首章二句為：「菁菁者莪，在彼中阿。」菁菁，茂盛的樣子。
菁菁,jīng jīng,ㄐㄧㄥ ㄐㄧㄥ,草木茂盛的樣子。詩經．小雅．菁菁：「菁菁者莪，在彼中阿，既見君子，樂且有儀。」亦作「青青」。詩經小雅的篇名。共四章。根據詩序：「菁菁者莪，樂育材也。」首章二句為：「菁菁者莪，在彼中阿。」菁菁，茂盛的樣子。
菶菶,běng běng,ㄅㄥˇ ㄅㄥˇ,草木茂盛的樣子。詩經．大雅．卷阿：「菶菶萋萋，雝雝喈喈。」
萋萋,qī qī,ㄑㄧ ㄑㄧ,草茂盛的樣子。唐．崔顥．黃鶴樓詩：「晴川歷歷漢陽樹，春草萋萋鸚鵡洲。」唐．白居易．賦得古原草送別詩：「又送王孫去，萋萋滿別情。」烏雲密布，即將下雨的樣子。詩經．小雅．大田：「有渰萋萋，興雨祈祈。」亦作「淒淒」。
萋萋,qī qī,ㄑㄧ ㄑㄧ,草茂盛的樣子。唐．崔顥．黃鶴樓詩：「晴川歷歷漢陽樹，春草萋萋鸚鵡洲。」唐．白居易．賦得古原草送別詩：「又送王孫去，萋萋滿別情。」烏雲密布，即將下雨的樣子。詩經．小雅．大田：「有渰萋萋，興雨祈祈。」亦作「淒淒」。
落落,luò luò,ㄌㄨㄛˋ ㄌㄨㄛˋ,形容高、眾多或稀疏等現象的狀態詞。文選．陸機．歎逝賦：「親落落而日稀，友靡靡而愈索。」唐．杜甫．古柏行：「落落盤踞雖得地，冥冥孤高多烈風。」形容舉止瀟灑自然，心胸曠達率真。晉書．卷一○五．石勒載記下：「大丈夫行事當礌礌落落，如日月皎然。」形容對人冷淡，與人合不來。晉．左思．詠史詩八首之八：「落落窮巷士，抱影守空廬。」如：「落落寡合」。淪落、衰敗的樣子。宋．文天祥．過零丁洋詩：「辛苦遭逢起一經，干戈落落四周星。」聊齋志異．卷一．葉生：「行蹤落落，對影長愁。」
蒼茫,cāng máng,ㄘㄤ ㄇㄤˊ,曠遠迷茫的樣子。唐．王維．山居即事詩：「寂寞掩柴扉，蒼茫對落暉。」唐．高適．燕歌行：「邊庭飄颻那可度，絕域蒼茫更何有。」近迷茫、渺茫或作「滄茫」。
蒼蒼,cāng cāng,ㄘㄤ ㄘㄤ,深青色。漢．馬第伯．封禪儀記：「仰視巖石松樹，鬱鬱蒼蒼，若在雲中。」唐．李朝威．柳毅傳：「大天蒼蒼兮，大地茫茫。」茂盛的樣子。詩經．秦風．蒹葭：「蒹葭蒼蒼，白露為霜。」斑白的樣子。唐．韓愈．祭十二郎文：「吾年未四十，而視茫茫，而髮蒼蒼。」唐．白居易．新樂府．賣炭翁：「滿面塵灰煙火色，兩鬢蒼蒼十指黑。」
蓁蓁,zhēn zhēn,ㄓㄣ ㄓㄣ,草木茂盛的樣子。詩經．周南．桃夭：「桃之夭夭，其葉蓁蓁。」文選．張衡．思玄賦：「怬河林之蓁蓁兮，偉關雎之戒女。」積聚的樣子。楚辭．屈原．招魂：「蝮蛇蓁蓁，封狐千里些。」
蓬蓬,péng péng,ㄆㄥˊ ㄆㄥˊ,茂盛的樣子。詩經．小雅．采菽：「維柞之枝，其葉蓬蓬。」
蓼蓼,lù lù,ㄌㄨˋ ㄌㄨˋ,植物茁壯長大的樣子。詩經．小雅．蓼莪：「蓼蓼者莪，匪莪伊蒿。哀哀父母，生我劬勞」。
蔌蔌,sù sù,ㄙㄨˋ ㄙㄨˋ,鄙陋的樣子。詩經．小雅．正月：「佌佌彼有屋，蔌蔌方有穀。」亦作「速速」。形容風聲勁疾。文選．鮑照．蕪城賦：「稜稜霜氣，蔌蔌風威。」水流動的樣子。宋．蘇軾．食甘詩：「清泉蔌蔌先流齒，香霧霏霏欲噀人。」花落的樣子。唐．元稹．連昌宮詞：「又有牆頭千葉桃，風動落花紅蔌蔌。」
蕩漾,dàng yàng,ㄉㄤˋ ㄧㄤˋ,振動起伏，多用於指水波、聲音。唐．李白．惜餘春賦：「水蕩漾兮碧色，蘭葳蕤兮紅芳。」近飄蕩、泛動、動蕩、漣漪、悠揚反平靜亦作「盪漾」。振動起伏，多用於指水波、聲音。如：「水波盪漾」。亦作「蕩漾」。
蕩蕩,dàng dàng,ㄉㄤˋ ㄉㄤˋ,廣大。論語．泰伯：「蕩蕩乎民無能名焉，巍巍乎其有成功也。」平坦、平易。漢書．卷六十五．東方朔傳：「不偏不黨，王道蕩蕩。」法度廢壞的樣子。詩經．大雅．蕩：「蕩蕩上帝，下民之辟。」浮誇不實的樣子。漢書．卷二十五．郊祀志下：「聽其言，洋洋滿耳，若將可遇，求之，盪盪如係風捕景，終不可得。」法度廢壞的樣子。如：「版版盪盪」。
蕭條,xiāo tiáo,ㄒㄧㄠ ㄊㄧㄠˊ,寂寥冷清的樣子。文選．曹植．贈白馬王彪詩：「原野何蕭條，白日忽西匿。」唐．岑參．山房春事詩：「梁園日暮亂飛鴉，極目蕭條三兩家。」近冷落、荒涼、蕭瑟、蕭索反繁華、繁盛、繁榮、興旺、熱鬧經濟不景氣。
蕭瑟,xiāo sè,ㄒㄧㄠ ㄙㄜˋ,秋風瑟縮。楚辭．宋玉．九辯：「蕭瑟兮，草木搖落而變衰。」宋．蘇軾．滿江紅．江漢西來詞：「空洲對鸚鵡，葦花蕭瑟。」寂靜冷清。文選．張協．七命：「其居也，崢嶸幽藹，蕭瑟虛玄。」清．譚獻．桂枝香．瑤流自碧詞：「拾翠汀洲，密意總成蕭瑟。」反繁榮
蕭蕭,xiāo xiāo,ㄒㄧㄠ ㄒㄧㄠ,狀聲詞：(1)​ 形容馬鳴聲。唐．杜甫．兵車行：「車轔轔，馬蕭蕭，行人弓箭各在腰。」(2)​ 形容風聲。史記．卷八十六．刺客傳．荊軻傳：「風蕭蕭兮易水寒，壯士一去兮不復還。」(3)​形容落葉聲。唐．杜甫．登高詩：「無邊落木蕭蕭下，不盡長江袞袞來。」白髮稀疏的樣子。宋．陸游．南鄉子．早歲入皇州詞：「三十年來真一夢，堪愁。客路蕭蕭兩鬢秋。」金．元好問．石州慢．擊筑行歌詞：「漫漫長路，蕭蕭兩鬢黃塵，騎驢漫與行人語。」
蕭蕭,xiāo xiāo,ㄒㄧㄠ ㄒㄧㄠ,狀聲詞：(1)​ 形容馬鳴聲。唐．杜甫．兵車行：「車轔轔，馬蕭蕭，行人弓箭各在腰。」(2)​ 形容風聲。史記．卷八十六．刺客傳．荊軻傳：「風蕭蕭兮易水寒，壯士一去兮不復還。」(3)​形容落葉聲。唐．杜甫．登高詩：「無邊落木蕭蕭下，不盡長江袞袞來。」白髮稀疏的樣子。宋．陸游．南鄉子．早歲入皇州詞：「三十年來真一夢，堪愁。客路蕭蕭兩鬢秋。」金．元好問．石州慢．擊筑行歌詞：「漫漫長路，蕭蕭兩鬢黃塵，騎驢漫與行人語。」
薄薄,bó bó,ㄅㄛˊ ㄅㄛˊ,廣大的樣子。荀子．榮辱：「故薄薄之地，不得履之。」味道很淡。宋．蘇軾．薄薄酒詩：「薄薄酒，勝茶湯。」狀聲詞。形容車疾驅的聲音。詩經．齊風．載驅：「載驅薄薄，簟茀朱鞹。」
薨薨,hōng hōng,ㄏㄨㄥ ㄏㄨㄥ,狀聲詞。形容蟲飛的聲音。詩經．齊風．雞鳴：「蟲飛薨薨，甘與子同夢。」
薿薿,nǐ nǐ,ㄋㄧˇ ㄋㄧˇ,草木茂盛的樣子。詩經．小雅．甫田：「今適南畝，或耘或耔，黍稷薿薿。」唐．柳宗元．禮部賀嘉禾及芝草表：「既呈薿薿之祥，更睹煌煌之秀。」亦作「儗儗」。
藐藐,miǎo miǎo,ㄇㄧㄠˇ ㄇㄧㄠˇ,曠遠廣大的樣子。詩經．大雅．瞻卬：「藐藐昊天，無不克鞏。」盛美的樣子。詩經．大雅．崧高：「寢廟既成，既成藐藐。」不經意、留心的樣子。詩經．大雅．抑：「誨爾諄諄，聽我藐藐。」
藹藹,ǎi ǎi,ㄞˇ ㄞˇ,茂盛的樣子。晉．陶淵明．和郭主簿詩：「藹藹堂前林，中夏貯清陰。」文選．束晳．補亡詩六首之五：「瞻彼崇丘，其林藹藹。」盛大眾多的樣子。詩經．大雅．卷阿：「藹藹王多吉士，維君子使媚于天子。」文選．左思．詠史詩八首之五：「峨峨高門內，藹藹皆王侯。」盡力。語出爾雅．釋訓：「藹藹萋萋，臣盡力也。」月光微暗的樣子。文選．司馬相如．長門賦：「望中庭之藹藹兮，若季秋之降霜。」南朝宋．謝莊．懷園引：「朱光藹藹雲英英，新禽喈喈又晨鳴。」
虺虺,huǐ huǐ,ㄏㄨㄟˇ ㄏㄨㄟˇ,狀聲詞。形容打雷的聲音。詩經．邶風．終風：「曀曀其陰，虺虺其雷。」
蚩蚩,chī chī,ㄔ ㄔ,敦厚老實的樣子。詩經．衛風．氓：「氓之蚩蚩，抱布貿絲。」亦作「嗤嗤」。喧擾紛亂的樣子。漢．揚雄．法言．重黎：「六國蚩蚩，為嬴弱姬。」文選．劉孝標．廣絕交論：「天下蚩蚩，鳥驚雷駭。」亦作「嗤嗤」。
蛇蛇,yí yí,ㄧˊ ㄧˊ,淺薄、自大誇張。詩經．小雅．巧言：「蛇蛇碩言，出自口矣。」
蜎蜎,yuān yuān,ㄩㄢ ㄩㄢ,蟲蠕動屈曲的樣子。詩經．豳風．東山：「蜎蜎者蠋，烝在桑野。」
蟄蟄,zhí zhí,ㄓˊ ㄓˊ,形容眾多。詩經．周南．螽斯：「螽斯羽揖揖兮，宜爾子孫蟄蟄兮。」唐．李賀．感諷詩五首之五：「侵衣野竹香，蟄蟄垂葉厚。」
蟲蟲,chóng chóng,ㄔㄨㄥˊ ㄔㄨㄥˊ,熱氣蒸人的樣子。詩經．大雅．雲漢：「旱既大甚，蘊隆蟲蟲。」對心愛人的暱稱。宋．柳永．征部樂．雅歡幽會詞：「但願我、蟲蟲心下，把人看待，長似初相識。」宋．杜安世．浪淘沙．簾外微風詞：「一床鴛被疊香紅，明月滿庭花似繡，悶不見蟲蟲。」
裳裳,cháng cháng,ㄔㄤˊ ㄔㄤˊ,光明盛美的樣子。詩經．小雅．裳裳者華：「裳裳者華，其葉湑兮。」
褭褭,niǎo niǎo,ㄋㄧㄠˇ ㄋㄧㄠˇ,搖曳不定的樣子。南朝宋．鮑令暉．擬青青河畔草詩：「褭褭臨窗竹，藹藹垂門桐。」亦作「裊裊」、「嫋嫋」。風動的樣子。唐．王昌齡．何九於客舍集詩：「此意投贈君，滄波風褭褭。」亦作「嫋嫋」。
觱沸,bì fèi,ㄅㄧˋ ㄈㄟˋ,泉水湧出的樣子。詩經．大雅．瞻卬：「觱沸檻泉，維其深矣。」
觱發,bì fā,ㄅㄧˋ ㄈㄚ,風寒。詩經．豳風．七月：「一之日觱發，二之日栗烈。」
言言,yán yán,  ㄧㄢˊ ㄧㄢˊ,高大的樣子。詩經．大雅．皇矣：「臨衝閑閑，崇墉言言。」每一句話。三國演義．第六十九回：「輅亹亹而談，言言精奧。」和悅而恭敬的樣子。禮記．玉藻：「君子之飲酒也，受一爵而色洒如也，二爵而言言斯。」
訏訏,xū xū,ㄒㄩ ㄒㄩ,形容廣大的樣子。詩經．大雅．韓奕：「孔樂韓土，川澤訏訏。」
許許,hǔ hǔ,ㄏㄨˇ ㄏㄨˇ,眾人共同出力時所發的聲音。詩經．小雅．伐木：「伐木許許，釃酒有藇。」
訿訿,NA,NA,"NA"
詵詵,shēn shēn,ㄕㄣ ㄕㄣ,眾多的樣子。詩經．周南．螽斯：「螽斯羽，詵詵兮。」和樂聚集的樣子。陳書．卷二十四．周弘正傳：「後進詵詵，不無傳業。」
語語,NA,NA,"NA"
諄諄,zhūn zhūn,ㄓㄨㄣ ㄓㄨㄣ,誠懇忠謹的樣子。後漢書．卷二十五．卓茂傳：「勞心諄諄，視人如子。」叮嚀告諭，教誨不倦的樣子。詩經．大雅．抑：「誨爾諄諄，聽我藐藐。」紅樓夢．第五回：「爾今偶遊至此，設如墮落其中，則深負我從前諄諄警誡之語矣。」反覆多言的樣子。西遊記．第十八回：「我老孫醜自醜，卻有些本事。替你家擒得妖精，捉得鬼魅，拿住你那女婿，還了你女兒，便是好事，何必諄諄以相貌為言！」儒林外史．第十回：「怪道他前日在席間諄諄問表姪生的年月。我道是因甚麼，原來那時已有意在那裡。」
謔謔,nüè nüè,ㄋㄩㄝˋ ㄋㄩㄝˋ,快樂的樣子。詩經．大雅．板：「天之方虐，無然謔謔，老夫灌灌，小子蹻蹻。」
譙譙,qiáo qiáo,ㄑㄧㄠˊ ㄑㄧㄠˊ,羽毛散亂殘敝的樣子。詩經．豳風．鴟鴞：「予羽譙譙，予尾脩脩。」
豈弟,kǎi tì,ㄎㄞˇ ㄊㄧˋ,和樂的樣子。詩經．小雅．蓼蕭：「既見君子，孔燕豈弟。」
赫赫,hè hè,ㄏㄜˋ ㄏㄜˋ,顯盛的樣子。史記．卷一二七．褚少孫補日者傳：「居赫赫之勢，失身且有日矣。」炎旱。莊子．田子方：「至陰肅肅，至陽赫赫。」
赳赳,jiū jiū,ㄐㄧㄡ ㄐㄧㄡ,雄壯勇武的樣子。詩經．周南．兔罝：「赳赳武夫，公侯干城。」亦作「糾糾」。
趯趯,tì tì,ㄊㄧˋ ㄊㄧˋ,跳躍的樣子。詩經．召南．草蟲：「喓喓草蟲，趯趯阜螽。」南朝梁．吳均．酬別江主簿屯騎詩：「寒蟲鳴趯趯，落葉飛翻翻。」往來的樣子。史記．卷七十八．春申君傳：「詩云：『趯趯毚兔，遇犬獲之。他人有心，余忖度之。』」
踖踖,jí jí,ㄐㄧˊ ㄐㄧˊ,態度恭敬的樣子。詩經．小雅．楚茨：「執爨踖踖，為俎孔碩，或燔或炙。」慚愧的樣子。漢．揚雄．太玄經．卷六．勤：「次八，勞踖踖，心爽蒙柴不卻。」
踟躕,chí chú,ㄔˊ ㄔㄨˊ,徘徊不前的樣子。樂府詩集．卷二十八．相和歌辭三．古辭．陌上桑：「使君從南來，五馬立踟躕。」文選．曹植．贈白馬王彪詩：「欲還絕無蹊，攬轡止踟躕。」近躑躅、躊躇相連接的樣子。文選．王延壽．魯靈光殿賦：「西廂踟躕以閒宴，東序重深而奧祕。」一種古代接漏刻水的盛器。初學記．卷二十五．器物部．漏刻：「殷夔漏刻法曰：『為器三重，圓皆徑尺，差立於水輿踟躕之上，為金龍口吐水，轉注入踟躕經緯之中。』」
踧踧,cù cù,ㄘㄨˋ ㄘㄨˋ,行走平易。詩經．小雅．小弁：「踧踧周道，鞫為茂草。」
踽踽,jǔ jǔ,ㄐㄩˇ ㄐㄩˇ,孤單行走的樣子。詩經．唐風．杕杜：「獨行踽踽，豈無他人，不如我同父？」
蹉跎,cuō tuó,ㄘㄨㄛ ㄊㄨㄛˊ,失足跌倒。比喻失意。楚辭．王襃．九懷．株昭：「驥垂兩耳兮，中坂蹉跎。」虛度光陰。文選．阮籍．詠懷詩十七首之八：「娛樂未終極，白日忽蹉跎。」唐．李頎．送魏萬之京詩：「莫是長安行樂處，空冷歲月易蹉跎。」
蹌蹌,qiāng qiāng,  ㄑㄧㄤ ㄑㄧㄤ,行步威儀的樣子。詩經．大雅．公劉：「蹌蹌濟濟，俾筵俾几。」飛舞、跳舞的樣子。書經．益稷：「笙鏞以間，鳥獸蹌蹌。」行走的樣子。文選．揚雄．羽獵賦：「啾啾蹌蹌，入西園，切神光。」走路有威儀的樣子。詩經．小雅．楚茨：「濟濟蹌蹌，絜爾牛羊，以往蒸嘗。」跳舞的樣子。書經．益稷：「笙鏞以間，鳥獸蹌蹌。」孔安國．傳：「鳥獸化德相率而舞，蹌蹌然。」飛奔跳躍的樣子。文選．揚雄．羽獵賦：「啾啾蹌蹌，入西園，切神光。」
蹙蹙,NA,NA,"NA"
蹲蹲,dūn dūn,ㄉㄨㄣ ㄉㄨㄣ,叢聚茂密的樣子。南朝宋．鮑照．擬行路難十八首之六：「舉頭四顧望，但見松柏園，荊棘鬱蹲蹲。」
蹶蹶,jué jué,ㄐㄩㄝˊ ㄐㄩㄝˊ,動作敏捷的樣子。詩經．唐風．蟋蟀：「好樂無荒，良士蹶蹶。」孔穎達．正義：「釋詁云：『蹶，動也。』釋訓云：『蹶蹶，敏也。』」驚動的樣子。莊子．至樂：「俄而柳生其左肘，其意蹶蹶然惡之。」成玄英．疏：「蹶蹶，驚動貌。」
蹻蹻,jiǎo jiǎo,ㄐㄧㄠˇ ㄐㄧㄠˇ,勇壯的樣子。詩經．魯頌．泮水：「其馬蹻蹻，其音昭昭。」驕傲的樣子。詩經．大雅．板：「老夫灌灌，小子蹻蹻。」
躊躇,chóu chú,ㄔㄡˊ ㄔㄨˊ,猶豫不決。唐．白居易．長恨歌：「天旋地轉迴龍馭，到此躊躇不能去。」文明小史．第十一回：「躊躇了半天，終究委決不下。」近躑躅、踟躕反果斷、果決、堅決自得的樣子。儒林外史．第五十二回：「毛二鬍子接到家信，看完了，咂嘴弄脣，只管獨自坐著躊躇。」
躍躍,yuè yuè,ㄩㄝˋ ㄩㄝˋ,心動不定的樣子。晉．夏侯湛．獵兔賦：「擢輕足之煢煢，振遊形之躍躍。」喜悅的樣子。唐．韓愈．韋侍講盛山十二詩序：「夫得利則躍躍以喜，不利則戚戚以泣。」
輾轉,zhǎn zhuǎn,ㄓㄢˇ ㄓㄨㄢˇ,翻來覆去睡不著覺。漢．秦嘉．贈婦詩三首之一：「長夜不能眠，伏枕獨輾轉。」唐．白居易．長恨歌：「為感君王輾轉思，遂教方士殷勤覓。」亦作「展轉」。曲折、間接。如：「這消息是輾轉得知的。」亦作「展轉」。
轔轔,lín lín,ㄌㄧㄣˊ ㄌㄧㄣˊ,車行聲。唐．杜甫．兵車行：「車轔轔，馬蕭蕭，行人弓箭各在腰。」
迢迢,tiáo tiáo,ㄊㄧㄠˊ ㄊㄧㄠˊ,遙遠的樣子。文選．古詩十九首．迢迢牽牛星：「迢迢牽牛星，皎皎河漢女。」宋．劉克莊．沁園春．一卷陰符詞：「長安不見，北望迢迢。」亦作「苕苕」。悠長的樣子。宋．歐陽修．踏莎行．候館梅殘詞：「離愁漸遠漸無窮，迢迢不斷如春水。」高聳的樣子。亦作「苕苕」。
迢遞,tiáo dì,ㄊㄧㄠˊ ㄉㄧˋ,遙遠的樣子。唐．孟浩然．赴京途中遇雪詩：「迢遞秦京道，蒼茫歲暮天。」三國演義．第五十六回：「西川迢遞，取之非易。都督之計，莫非不可？」
迴合,huí hé,ㄏㄨㄟˊ ㄏㄜˊ,量詞。計算交手次數的單位。西遊記．第二十一回：「那老妖與大聖鬥經三十回合，不分勝敗。」環繞。唐．張泌．寄人詩：「別夢依依到謝家，小廊回合曲闌斜。」環繞、圍繞。文選．謝靈運．入彭蠡湖口詩：「洲島驟迴合，圻岸屢崩奔。」唐．李白．明堂賦：「翠楹迴合，蟬聯汙漫。」
逍遙,NA,NA,"NA"
逢逢,péng péng,ㄆㄥˊ ㄆㄥˊ,狀聲詞。形容鼓聲。詩經．大雅．靈臺：「鼉鼓逢逢，矇瞍奏公。」
連連,lián lián,ㄌㄧㄢˊ ㄌㄧㄢˊ,徐緩的樣子。詩經．大雅．皇矣：「臨衝閑閑，崇墉言言，執訊連連，攸馘安安。」連綿不斷。三國．魏．陳琳．飲馬長城窟行：「長城何連連，連連三千里。」儒林外史．第二十八回：「連連在飯店裡住了幾天，盤纏也用盡了。」
逸逸,yì yì,ㄧˋ ㄧˋ,往來有次序的樣子。詩經．小雅．賓之初筵：「鍾鼓既設，舉醻逸逸。」
遊敖,NA,NA,"NA"
遲遲,chí chí,ㄔˊ ㄔˊ,行走緩慢的樣子。詩經．邶風．谷風：「行道遲遲，中心有違。」舒緩。詩經．豳風．七月：「春日遲遲，采繁祁祁。」從容不迫的樣子。禮記．孔子閒居：「無聲之樂，氣志不違；無體之禮，威儀遲遲。」
遲遲,chí chí,ㄔˊ ㄔˊ,行走緩慢的樣子。詩經．邶風．谷風：「行道遲遲，中心有違。」舒緩。詩經．豳風．七月：「春日遲遲，采繁祁祁。」從容不迫的樣子。禮記．孔子閒居：「無聲之樂，氣志不違；無體之禮，威儀遲遲。」
邁邁,NA,NA,"NA"
邐迤,lǐ yǐ,ㄌㄧˇ ㄧˇ,曲折連綿的樣子。文選．吳質．答東阿王書：「夫登東嶽者，然後知眾山之邐迤也。」或作「邐迆」、「迆邐」、「迤邐」。
鄰鄰,NA,NA,"NA"
采采,cǎi cǎi,ㄘㄞˇ ㄘㄞˇ,美好、繁盛的樣子。文選．禰衡．鸚鵡賦：「采采麗容，咬咬好音。」清．文廷式．賀新郎．別擬西州曲詞：「采采芙蓉愁日暮，又天涯芳草江南綠。」
鏘鏘,qiāng qiāng,ㄑㄧㄤ ㄑㄧㄤ,狀聲詞：(1)​ 形容玉石撞擊聲。三國演義．第四十四回：「衣冠濟濟，劍佩鏘鏘，分班侍立。」(2)​ 形容鈴聲。詩經．大雅．韓奕：「百兩彭彭，八鸞鏘鏘。」漢．秦嘉．贈婦詩三首之三：「肅肅僕夫征，鏘鏘揚和鈴。」(3)​ 形容鳳凰和鳴聲。左傳．莊公二十二年：「鳳凰于飛，和鳴鏘鏘。」高聳巍峨的樣子。後漢書．卷五十九．張衡傳：「命琅掌策駟兮，踰高閣之鏘鏘。」行走的樣子。文選．左思．吳都賦：「出車檻檻，被練鏘鏘。」或作「蹡蹡」。
鑣鑣,biāo biāo,ㄅㄧㄠ ㄅㄧㄠ,盛多的樣子。廣雅．釋訓：「鑣鑣，盛也。」詩經．衛風．碩人：「朱幩鑣鑣，翟茀以朝。」
鑿鑿,zuò zuò,ㄗㄨㄛˋ ㄗㄨㄛˋ,鮮明的樣子。詩經．唐風．揚之水：「揚之水，白石鑿鑿。」唐．白居易．香鑪峰下新置草堂即事詠懷題於石上詩：「白石何鑿鑿，清流亦潺潺。」確實可信。宋．蘇軾．鳧繹先生詩集敘：「言必中當世之過，鑿鑿乎如五穀必可以療飢。」清．孔尚任．桃花扇．第十二齣：「小弟之言鑿鑿有據，聞得前日還託柳麻子去下私書的。」近確切
閑閑,NA,NA,"NA"
閑閑,NA,NA,"NA"
間關,NA,NA,"NA"
閣閤,NA,NA,"NA"
闐闐,tián tián,ㄊㄧㄢˊ ㄊㄧㄢˊ,本形容車馬隊伍聲勢浩大。詩經．小雅．采芑：「伐鼓淵淵，振旅闐闐。」文選．左思．蜀都賦：「車馬雷駭，轟轟闐闐。」亦可比喻為盛大的樣子。唐．薛逢．上白相公啟：「飛龍在天，雲雨闐闐。」
關關,guān guān,ㄍㄨㄢ ㄍㄨㄢ,狀聲詞。形容鳥鳴的聲音。詩經．周南．關雎：「關關雎鳩，在河之洲。」
陰陰,yīn yīn,ㄧㄣ ㄧㄣ,光線陰暗。宋．蘇軾．鳳翔八觀詩．李氏園：「陰陰日光澹，黯黯秋氣蓄。」樹木枝葉蔽覆的樣子。唐．王維．積雨輞川莊作詩：「漠漠水田飛白鷺，陰陰夏木囀黃鸝。」隱約而不明顯。三國演義．第七十三回：「便覺左足陰陰疼痛，心中大疑。」
陶然,táo rán,ㄊㄠˊ ㄖㄢˊ,形容舒暢快樂，怡然自得的樣子。晉．陶淵明．時運詩：「揮茲一觴，陶然自樂。」唐．李白．下終南山過斛斯山人宿置酒詩：「我醉君復樂，陶然共忘機。」
陶陶,táo táo,ㄊㄠˊ ㄊㄠˊ,和樂的樣子。三國．魏．劉伶．酒德頌：「無思無慮，其樂陶陶。」漫長。楚辭．玉逸．九思．哀歲：「冬夜兮陶陶，雨雪兮冥冥。」陽氣盛。史記．卷八十四．屈原賈生傳：「陶陶孟夏兮，草木莽莽。」
陽陽,yáng yáng,ㄧㄤˊ ㄧㄤˊ,和樂的樣子。詩經．王風．君子陽陽：「君子陽陽，左執簧，右招我由房。」有文采的樣子。詩經．周頌．載見：「龍旂陽陽，和鈴央央。」毫不在意的樣子。唐．韓愈．張中丞傳後敘：「巡就戮時，顏色不亂，陽陽如平常。」
陾陾,réng réng,ㄖㄥˊ ㄖㄥˊ,眾多。詩經．大雅．綿：「捄之陾陾，度之薨薨。」
隱隱,yǐn yǐn,ㄧㄣˇ ㄧㄣˇ,不清楚、不明顯的樣子。唐．王昌齡．送萬大歸長沙詩：「青山隱隱孤舟微，白鶴雙飛忽相見。」紅樓夢．第二回：「忽信步至一山環水旋、茂林深竹之處，隱隱有座廟宇。」近隱約憂戚的樣子。荀子．儒效：「隱隱兮其恐人之不當也。」楚辭．劉向．九歎．遠逝：「志隱隱而鬱怫兮，愁獨哀而冤結。」盛大的樣子。文選．潘岳．閑居賦：「煌煌乎，隱隱乎，茲禮容之壯觀而王制之巨麗也。」群車聲。文選．張衡．西京賦：「商旅聯槅，隱隱展展。」樂府詩集．卷七十三．雜曲歌辭十三．古辭．焦仲卿妻：「府吏馬在前，新婦車在後。隱隱何甸甸，俱會大道口。」雷聲。漢．焦延壽．易林．卷十．蹇之臨：「雷君出裝，隱隱西行。」漢．崔駰．四巡頌．東巡頌：「天動雷震，隱隱轔轔。」
雝雝,yōng yōng,ㄩㄥ ㄩㄥ,和諧的樣子。詩經．大雅．思齊：「雝雝在宮，肅肅在朝。」近雍熙亦作「雍雍」。
離亂,lí luàn,ㄌㄧˊ ㄌㄨㄢˋ,離散紛亂。如：「在那離亂不安的時代裡，不知拆散了多少幸福家庭？」
離離,lí lí,ㄌㄧˊ ㄌㄧˊ,分披繁盛的樣子。詩經．王風．黍離：「彼黍離離，彼稷之苗。」宋．陸游．病起詩：「斷香漠漠便支枕，芳草離離悔倚闌。」果實下垂的樣子。漢．張衡．西京賦：「神木靈草，朱實離離。」剝裂的樣子。楚辭．劉向．九歎．思古：「曾哀悽欷心離離兮，顧高丘泣如灑兮。」不親事的樣子。荀子．非十二子：「勞苦事業之中，則儢儢然，離離然。」茂盛的樣子。唐．溫庭筠．郭處士擊甌歌：「三十六宮花離離，軟風吹春星斗稀。」
離離,lí lí,ㄌㄧˊ ㄌㄧˊ,分披繁盛的樣子。詩經．王風．黍離：「彼黍離離，彼稷之苗。」宋．陸游．病起詩：「斷香漠漠便支枕，芳草離離悔倚闌。」果實下垂的樣子。漢．張衡．西京賦：「神木靈草，朱實離離。」剝裂的樣子。楚辭．劉向．九歎．思古：「曾哀悽欷心離離兮，顧高丘泣如灑兮。」不親事的樣子。荀子．非十二子：「勞苦事業之中，則儢儢然，離離然。」茂盛的樣子。唐．溫庭筠．郭處士擊甌歌：「三十六宮花離離，軟風吹春星斗稀。」
雰雰,fēn fēn,ㄈㄣ ㄈㄣ,雨雪很盛的樣子。詩經．小雅．信南山：「上天同雲，雨雪雰雰。」漢．張衡．四愁詩四首之四：「我所思兮在鴈門，欲往從之雪雰雰。」霜凝結的樣子。楚辭．屈原．九章．悲回風：「漱凝霜之雰雰，依風穴以自息兮。」
零亂,líng luàn,ㄌㄧㄥˊ ㄌㄨㄢˋ,散亂不整齊。如：「他的桌上書籍零亂，人卻不知到哪裡去了。」近雜亂反齊整、系統、整齊
零落,líng luò,ㄌㄧㄥˊ ㄌㄨㄛˋ,草木凋落。禮記．王制：「草木零落，然後入山林。」楚辭．屈原．離騷：「惟草木之零落兮，恐美人之遲暮。」近凋零、凋謝、脫落反興盛、茂盛死亡。比喻人事衰頹。文選．孔融．論盛孝章書：「海內知識，零落殆盡。」樂府詩集．卷四十．相和歌詞十五．晉．陸機．門有車馬客行：「親友多零落，舊齒皆凋喪。」近凋零、凋謝反興盛、茂盛、興旺身世落魄。唐．杜甫．佳人詩：「自云良家子，零落依草木。」紅樓夢．第九十二回：「豈知甄士隱弄到零落不堪，沒有找處。」近落莫反興盛、興旺景色蕭條殘敗。三國演義．第六回：「關中殘破零落。今無故捐宗廟，棄皇陵，恐百姓驚動。」稀疏不全。大宋宣和遺事．貞集：「皆零落骨殖，復合取二木函殮之。」近稀落反密集
霏霏,fēi fēi,ㄈㄟ ㄈㄟ,雨雪煙雲盛密的樣子。宋．范仲淹．岳陽樓記：「若夫霪雨霏霏，連月不開。」三國演義．第三十七回：「忽然朔風凜凜，瑞雪霏霏。」騰起飛揚的樣子。楚辭．屈原．九章．惜誦：「霰雪紛其無垠兮，雲霏霏而承宇。」草木茂盛的樣子。唐．杜甫．宣政殿退朝晚出左掖詩：「宮草霏霏承委佩，鑪煙細細駐遊絲。」淚流滿面的樣子。南朝梁．范雲．贈張徐州謖詩：「懷情徒草草，淚下空霏霏。」
霢霂,mò mù,ㄇㄛˋ ㄇㄨˋ,小雨。詩經．小雅．信南山：「上天同雲，雨雪雰雰。益之以霢霂，既優既渥。」比喻流汗的樣子。文選．左思．吳都賦：「揮袖風飄而紅塵晝昏，流汗霢霂而中逵泥濘。」唐．白居易．香山寺石樓潭夜浴詩：「搖扇風甚微，褰裳汗霢霂。」
霧露,NA,NA,"NA"
霹靂,pī lì,ㄆㄧ ㄌㄧˋ,急而響的雷。唐．王維．老將行：「漢兵奮迅如霹靂，虜騎奔騰畏蒺藜。」紅樓夢．第一回：「士隱意欲也跟了過去，方舉步時，忽聽一聲霹靂，有若山崩地陷。」近霹雷、轟隆亦稱為「落雷」。
青青,qīng qīng,  ㄑㄧㄥ ㄑㄧㄥ,形容草木翠綠的顏色。文選．古詩十九首．青青河邊草：「青青河邊草，綿綿思遠道。」三國演義．第九回：「千里草，何青青！十日卜，不得生！」形容鬢髮烏黑。宋．朱熹．和秀野蘄簟之句詩：「史君兩鬢尚青青，學道仍拋後院笙。」草木茂盛的樣子。詩經．衛風．淇奧：「瞻彼淇奧，綠竹青青。」宋．范仲淹．岳陽樓記：「岸芷汀蘭，郁郁青青。」亦作「菁菁」。
靡靡,mǐ mǐ,ㄇㄧˇ ㄇㄧˇ,遲緩。詩經．王風．黍離：「行邁靡靡，中心搖搖。」晉．王讚．雜詩：「胡寧久分析，靡靡忽至今。」草隨風倒伏相依的樣子。文選．宋玉．高唐賦：「薄草靡靡，聯延夭夭。」頹廢淫蕩。韓非子．十過：「此師延之所作，與紂為靡靡之樂也。」聊齋志異．卷二．鳳陽士人：「音聲靡靡，風度狎褻。」盡。文選．陸機．歎逝賦：「親落落而日稀，友靡靡而愈索。」細好。文選．司馬相如．長門賦：「閒徙倚於東廂兮，觀夫靡靡而無窮。」
鞙鞙,NA,NA,"NA"
韡韡,wěi wěi,ㄨㄟˇ ㄨㄟˇ,光明盛大的樣子。詩經．小雅．常棣：「常棣之華，鄂不韡韡。」
顒顒,yóng yóng,ㄩㄥˊ ㄩㄥˊ,溫和的樣子。詩經．大雅．卷阿：「顒顒卬卬，如圭如璋，令聞令望。」仰慕的樣子。淮南子．俶真：「是故聖人呼吸陰陽之氣，而群生莫不顒顒然。」波高的樣子。文選．枚乘．七發：「顒顒卬卬，椐椐彊彊。」
顯顯,xiǎn xiǎn,ㄒㄧㄢˇ ㄒㄧㄢˇ,昭明顯耀的樣子。詩經．大雅．假樂：「假樂君子，顯顯令德。」
颯颯,sà sà,ㄙㄚˋ ㄙㄚˋ,形容風聲。楚辭．屈原．九歌．山鬼：「風颯颯兮木蕭蕭，思公子兮徒離憂。」儒林外史．第四十二回：「只見一陣陰風，颯颯的響，滾了進來。」形容水聲。唐．李頎．聽董大彈胡笳聲兼寄語弄房給事詩：「迸泉颯颯飛木末，野鹿呦呦走堂下。」唐．杜甫．乾元中寓居同谷縣作詩七首之四：「四山多風溪水急，寒雨颯颯枯樹濕。」
颺颺,yáng yáng,ㄧㄤˊ ㄧㄤˊ,飛翔的樣子。唐．韋應物．長安遇馮著詩：「冥冥花正開，颺颺燕新乳。」
颼飀,sōu liú,ㄙㄡ ㄌㄧㄡˊ,狀聲詞。形容風聲。唐．李頎．聽安萬善吹觱篥歌：「枯桑老柏寒颼飀，九雛鳴鳳亂啾啾。」唐．李白．明堂賦：「颯蕭寥以颼飀，窅陰鬱以綿密。」
飄颻,piāo yáo,ㄆㄧㄠ ㄧㄠˊ,隨風飄動。文選．曹植．雜詩六首之二：「轉蓬離本根，飄颻隨長風。」亦作「飄搖」。凌風飛翔。文選．郭璞．遊仙詩七首之六：「升降隨長煙，飄颻戲九垓。」亦作「飄搖」。
飄飄,piāo piāo,ㄆㄧㄠ ㄆㄧㄠ,風吹的樣子。文選．陶淵明．歸去來辭：「舟搖搖以輕颺，風飄飄而吹衣。」輕舉飛揚。史記．卷一一七．司馬相如傳：「飄飄有淩雲之氣，似游天地之閒意。」飄泊不定。唐．杜甫．旅夜書懷詩：「飄飄何所似，天地一沙鷗。」
養養,yǎng yǎng,ㄧㄤˇ ㄧㄤˇ,憂心不定的樣子。詩經．邶風．二子乘舟：「願言思子，中心養養。」
饜飫,yàn yù,ㄧㄢˋ ㄩˋ,飽食。唐．杜牧．杜秋娘詩：「歸來煮豹胎，饜飫不能飴。」宋．陸游．對食詩：「豹胎日饜飫，萍虀卻時供。」近飽食亦作「厭飫」。
馮馮,NA,NA,"NA"
馳驅,chí qū,ㄔˊ ㄑㄩ,策馬疾馳。孟子．滕文公下：「吾為之範我馳驅，終日不獲一；為之詭遇，一朝而獲十。」近奔走、驅馳比喻替人奔走效力。三國．蜀．諸葛亮．出師表：「三顧臣于草廬之中，諮臣以當世之事，由是感激，遂許先帝以馳驅。」近奔走、驅馳放肆恣意。詩經．大雅．板：「敬天之渝，無敢馳驅。」
駉駉,jiōng jiōng,ㄐㄩㄥ ㄐㄩㄥ,馬肥壯的樣子。詩經．魯頌．駉：「駉駉牡馬，在坰之野。」
駪駪,shēn shēn,ㄕㄣ ㄕㄣ,眾多而疾行的樣子。詩經．小雅．皇皇者華：「駪駪征夫，每懷靡及。」
駸駸,qīn qīn,ㄑㄧㄣ ㄑㄧㄣ,馬跑得很快的樣子。詩經．小雅．四牡：「駕彼四駱，載驟駸駸。」文選．阮籍．詠懷詩十七首之十七：「皋蘭被徑路，青驪逝駸駸。」比喻時間過得很快。南朝梁．簡文帝．納涼詩：「斜日晚駸駸，池塘生半陰。」宋．蘇軾．臨江仙．自古相從休務日詞：「淒風寒雨是駸駸，問囚長損氣，見鶴忽驚心。」形容事物日趨進步強大。宋．蘇洵．審勢：「秦自孝公，其勢已駸駸焉，日趨於強大。」老殘遊記．第十一回：「然後由歐洲新文明進而復我三皇五帝舊文明，駸駸進於大同之世矣。」
騂騂,xīng xīng,ㄒㄧㄥ ㄒㄧㄥ,調和的樣子。詩經．小雅．角弓：「騂騂角弓，翩其反矣。」晉．劉琨．答盧諶詩：「旌弓騂騂，輿馬翹翹。」
騑騑,fēi fēi,ㄈㄟ ㄈㄟ,馬不停蹄，向前急行的樣子。詩經．小雅．四牡：「四牡騑騑，周道倭遲。」漢．蔡琰．胡笳十八拍：「漢使迎我兮四牡騑騑，號失聲兮誰得知？」
騤騤,kuí kuí,ㄎㄨㄟˊ ㄎㄨㄟˊ,馬強壯的樣子。詩經．小雅．采薇：「駕彼四牡，四牡騤騤。」
驕驕,jiāo jiāo,ㄐㄧㄠ ㄐㄧㄠ,高而茂盛。詩經．齊風．甫田：「無田甫田，維莠驕驕。」
驛驛,yì yì,ㄧˋ ㄧˋ,連續不絕的樣子。晉書．卷九十二．文苑傳．成公綏傳：「乃吟詠而發歎，聲驛驛而響連。」
高閣,gāo gé,ㄍㄠ ㄍㄜˊ,高高的樓閣。後漢書．卷三十二．樊宏傳：「其所起廬舍，皆有重堂高閣。」唐．王勃．滕王閣詩：「滕王高閣臨江渚，佩玉鳴鑾罷歌舞。」放置書籍、器物的高架。即插架，一名高閣，以斑竹作之，高懸於壁間。
高高,NA,NA,"NA"
鶬鶬,cāng cāng,ㄘㄤ ㄘㄤ,形容聲音和諧。詩經．商頌．烈祖：「約軧錯衡，八鸞鶬鶬。」
麃麃,biāo biāo,ㄅㄧㄠ ㄅㄧㄠ,勇武的樣子。詩經．鄭風．清人：「清人在消，駟介麃麃。」盛多的樣子。漢書．卷三十六．楚元王劉交傳：「詩又云：『雨雪麃麃，見晛聿消。』」
麌麌,yǔ yǔ,ㄩˇ ㄩˇ,鹿群聚集的樣子。詩經．小雅．吉日：「獸之所同，麀鹿麌麌。」或作「噳噳」。
黃黃,NA,NA,"NA"
默默,mò mò,ㄇㄛˋ ㄇㄛˋ,沉靜不說話。楚辭．王逸．卜居：「讒人高張，賢士無名，吁嗟默默兮，誰知吾之廉貞？」明．歸有光．項脊軒志：「吾兒！久不見若影，何竟日默默在此，大類女郎也？」近悄悄、沉默、沉靜反喋喋不得意的樣子。漢書．卷四十八．賈誼傳：「吁嗟默默，生之無故兮！」暗地裡。紅樓夢．第五十六回：「（寶玉）​心中悶悶，回至房中榻上，默默盤算，不覺就忽忽的睡去。」
黯然,àn rán,ㄢˋ ㄖㄢˊ,陰暗、黑暗的樣子。史記．卷四十七．孔子世家：「黯然而黑，幾然而長。」心神沮喪的樣子。文選．江淹．別賦：「黯然銷魂者，惟別而已矣。」唐．劉禹錫．西塞山懷古詩：「西晉樓船下益州，金陵王氣黯然收。」
黯黯,àn àn,ㄢˋ ㄢˋ,昏暗不明。三國．魏．陳琳．遊覽詩二首之一：「蕭蕭山谷風，黯黯天路陰。」南朝梁．元帝．蕩婦秋思賦：「日黯黯而將暮，風騷騷而渡河。」心神暗淡的樣子。唐．韋應物．寄李儋元錫詩：「世事茫茫難自料，春愁黯黯獨成眠。」
龍鐘,lóng zhōng,ㄌㄨㄥˊ ㄓㄨㄥ,年老體衰行動不便的樣子。唐．劉長卿．江州重別薛六柳八二員外詩：「今日龍鍾人共老，媿君猶遣慎風波。」唐．杜甫．寄彭州高三十五使君適虢州岑二十七長史參三十韻：「何太龍鍾極？於今出處妨。」潦倒失意。唐．元載．別妻王韞秀詩：「年來誰不厭龍鍾？雖在侯門不見容。」流淚的樣子。唐．岑參．逢入京使詩：「故園東望路漫漫，雙袖龍鍾淚不乾。」
龐龐,páng páng,ㄆㄤˊ ㄆㄤˊ,強盛充實的樣子。詩經．小雅．車攻：「四牡龐龐，駕言徂東。」太平御覽．卷九○九．獸部．狐：「於是塗山人歌曰：『綏綏白狐，九尾龐龐，成子家室，我都彼昌。』」
離麋,NA,NA,"NA"
離披,lí pī,ㄌㄧˊ ㄆㄧ,零落分散的樣子。楚辭．宋玉．九辯：「白露既下百草兮，奄離披此梧楸。」唐．白居易．冬夜詩：「冷落燈火闇，離披簾幕破。」
鬱鬱,yù yù,ㄩˋ ㄩˋ,文采美盛的樣子。論語．八佾：「周監於二代，郁郁乎文哉，吾從周。」香氣濃烈的樣子。文選．司馬相如．上林賦：「郁郁菲菲，眾香發越。」悶悶不樂。史記．卷九十二．淮陰侯傳：「吾亦欲東耳，安能鬱鬱久居此乎？」近邑邑茂盛的樣子。文選．古詩十九首．青青河畔草：「青青河畔草，鬱鬱園中柳。」芳香。文選．劉孝標．廣絕交論：「且心同琴瑟，言鬱郁於蘭茝。」李善．注：「鬱郁，香也。」
邑邑,yì yì,ㄧˋ ㄧˋ,憂愁不樂的樣子。文選．應璩．與滿公琰書：「不獲待坐，良增邑邑。」五代史平話．唐史．卷上：「即日歸太原，邑邑成疾，不食而卒。」近鬱鬱微弱的樣子。楚辭．劉向．九歎．遠遊：「張絳帷以襜襜兮，風邑邑而蔽之。」
郁郁,yù yù,ㄩˋ ㄩˋ,文采美盛的樣子。論語．八佾：「周監於二代，郁郁乎文哉，吾從周。」香氣濃烈的樣子。文選．司馬相如．上林賦：「郁郁菲菲，眾香發越。」悶悶不樂。史記．卷九十二．淮陰侯傳：「吾亦欲東耳，安能鬱鬱久居此乎？」近邑邑茂盛的樣子。文選．古詩十九首．青青河畔草：「青青河畔草，鬱鬱園中柳。」芳香。文選．劉孝標．廣絕交論：「且心同琴瑟，言鬱郁於蘭茝。」李善．注：「鬱郁，香也。」
鬱悒,yù yì,ㄩˋ ㄧˋ,鬱悶憂愁的樣子。文選．司馬遷．報任少卿書：「顧自以為身殘處穢，動而見尤，欲益反損，是以獨鬱悒而與誰語。」近愁悶反歡暢亦作「壹鬱」、「鬱邑」。
彬彬,bīn bīn,ㄅㄧㄣ ㄅㄧㄣ,各種不同事物配合適當的樣子。論語．雍也：「質勝文則野，文勝質則史，文質彬彬，然後君子。」南朝梁．劉勰．文心雕龍．史傳：「其十志該富，讚序弘麗，儒雅彬彬，信有遺味。」亦作「斌斌」。
斌斌,bīn bīn,ㄅㄧㄣ ㄅㄧㄣ,文質兼備的樣子。史記．卷一二一．儒林傳．公孫弘傳：「自此以來，則公卿大夫士吏斌斌多文學之士矣。」亦作「彬彬」。
悾悾,kōng kōng,ㄎㄨㄥ ㄎㄨㄥ,無知的樣子。論語．泰伯：「狂而不直，侗而不愿，悾悾而不信，吾不知之矣。」誠懇的樣子。後漢書．卷五十七．劉瑜傳：「臣悾悾推情，言不足採。」
悾款,kōng kuǎn,ㄎㄨㄥ ㄎㄨㄢˇ,誠懇。南朝梁．任昉．府僚重請牋：「某等不達通變，實有愚誠，不任悾款。」
巍巍,wéi wéi,ㄨㄟˊ ㄨㄟˊ,崇高雄偉的樣子。論語．泰伯：「巍巍乎，舜禹之有天下也，而不與焉。」何晏．集解：「巍巍，高大之稱。」三國演義．第五十六回：「時有王朗、鐘繇、王粲、陳琳一班文官，進獻詩章。詩中多有稱頌曹操功德巍巍，合當受命之意。」
空空,kōng kōng,ㄎㄨㄥ ㄎㄨㄥ,虛心誠懇的樣子。後漢書．卷四十三．何敞傳：「上當匡正綱紀，下當濟安元元，豈但空空無違而已哉！」淳樸誠實的樣子。呂氏春秋．慎大覽．下賢：「悤悤乎其心之堅固也，空空乎其不為巧故也。」佛教用語。指空的概念也是沒有實性。大智度論．卷三十一：「是故以空捨空，是名『空空』。」
便便,pián pián,ㄆㄧㄢˊ ㄆㄧㄢˊ,辯說的樣子。論語．鄉黨：「孔子於鄉黨，恂恂如也，似不能言者。其在宗廟朝廷，便便言，唯謹爾。」肥胖的樣子。後漢書．卷八十．文苑傳上．邊韶傳：「韶口辯，曾晝日假臥，弟子私嘲之曰：『邊孝先，腹便便。懶讀書，但欲眠。』」
便辟,pián pì,ㄆㄧㄢˊ ㄆㄧˋ,善於迎合他人。論語．季氏：「益者三友，損者三友。友直、友諒、友多聞，益矣；友便辟、友善柔、友便佞，損矣。」
侃侃,kǎn kǎn,ㄎㄢˇ ㄎㄢˇ,剛直。唐．柳宗元．銀青光祿大夫右散騎常侍輕車都尉宜城縣開國伯柳公行狀：「立誠之節，侃侃焉無所屈也。」和樂的樣子。論語．先進：「冉有、子貢，侃侃如也。」從容不迫的樣子。如：「侃侃而談」。
誾誾,NA,NA,"NA"
與與,NA,NA,"NA"
怡怡,yí yí,ㄧˊ ㄧˊ,和悅、順從的樣子。論語．子路：「朋友切切偲偲，兄弟怡怡。」後亦用以指兄弟的情誼。文選．曹植．求通親親表：「以敘骨肉之歡恩，全怡怡之篤義。」
蹜蹜,sù sù,ㄙㄨˋ ㄙㄨˋ,走路時不敢放大步伐的樣子。比喻小心謹慎。禮記．玉藻：「執龜玉，舉前曳踵，蹜蹜如也。」
愉愉,NA,NA,"NA"
行行,háng háng,  ㄏㄤˊ ㄏㄤˊ,各個行業。如：「三百六十行，行行出狀元。」每一行。如：「隊伍行進時，動作必須劃一，行行都要對齊。」剛強的樣子。論語．先進：「閔子侍側誾誾如也，子路行行如也。」慢步行走。通常形容走走停停，徘徊不進的樣子。文選．古詩十九首．行行重行行：「行行重行行，與君生別離。」施行、辦理。如：「行行好事」。
硜硜,kēng kēng,ㄎㄥ ㄎㄥ,狀聲詞。形容石頭互相撞擊的聲音。史記．卷二十四．樂書：「石聲硜硜以立別，別以致死。」鄙陋而頑固的樣子。論語．憲問：「鄙哉硜硜乎！莫己知也，斯已而已矣。」
偲偲,sī sī,ㄙ ㄙ,互相責勉。論語．子路：「朋友切切偲偲，兄弟怡怡。」唐．白居易．代書一百韻寄微之詩：「交賢方汲汲，友直每偲偲。」
栖栖,xī xī,ㄒㄧ ㄒㄧ,不安的樣子。論語．憲問：「丘何為是栖栖者與，無乃為佞乎。」晉．陶淵明．和劉柴桑詩：「栖栖世中事，歲月共相疏。」孤寂零落的樣子。宋．范成大．潺陵詩：「春草亦已瘦，栖栖晚花少。」四處奔走，無暇安居的樣子。詩經．小雅．六月：「六月棲棲，戎車既飭。」抱朴子．外篇．正郭：「而乃自西徂東，席不暇溫，欲慕孔墨棲棲之事。」
堂堂,táng táng,ㄊㄤˊ ㄊㄤˊ,形容人的容貌端正莊嚴。論語．子張：「堂堂乎張也，難與並為仁矣。」形容志氣宏大。宋．岳飛．題新淦古寺壁詩：「正氣堂堂貫斗牛，誓將貞節報君仇。」形容陣容或力量壯大。三國志．卷二十八．魏書．鍾會傳：「段谷、侯和沮傷之氣，難以敵堂堂之陳。」
峩峩,NA,NA,"NA"
晣晣,NA,NA,"NA"
猗歟,NA,NA,"NA"
臯臯,NA,NA,"NA"
綿蠻,mián mán,ㄇㄧㄢˊ ㄇㄢˊ,泛指鳥語。明．劉兌．金童玉女嬌紅記：「一會價弄睆睍新腔，一會價學綿蠻妙語。」詩經小雅的篇名。共三章。根據詩序：「綿蠻，微臣刺亂也。」或謂微臣苦於行役之詩。首章二句為：「綿蠻黃鳥，止於丘阿。」
訾訾,NA,NA,"NA"
噳噳,NA,NA,"NA"
閒關,NA,NA,"NA"
遊遨,NA,NA,"NA"
賢賢,NA,NA,"NA"
申申,shēn shēn,ㄕㄣ ㄕㄣ,怡然自得的樣子。論語．述而：「子之燕居，申申如也。」重複。楚辭．屈原．離騷：「女嬃之蟬媛兮，申申其詈予。」嚴整的樣子。漢書．卷二十二．禮樂志：「敕身齊戒，施教申申。」
循循,NA,NA,"NA"
恂恂,xún xún,ㄒㄩㄣˊ ㄒㄩㄣˊ,溫和恭敬的樣子。論語．鄉黨：「孔子於鄉黨，恂恂如也，似不能言者。」漢書．卷九十二．游俠傳．郭解傳：「雖為俠而恂恂有退讓君子之風。」誨人不倦的樣子。後漢書．卷六十八．郭太傳．論曰：「然而遜言危行，終亨時晦，恂恂善導，使士慕成名，雖墨、孟之徒，不能絕也。」宋書．卷十四．禮志一：「孔子恂恂，道化洙泗；孟軻皇皇，誨誘無倦。」緊張恐懼的樣子。唐．柳宗元．捕蛇者說：「吾恂恂而起，視其缶，而吾蛇尚存。」
"NA",NA,NA,"NA"
元元,yuán yuán,ㄩㄢˊ ㄩㄢˊ,人民、百姓。戰國策．秦策一：「今欲并天下，凌萬乘，詘敵國，制海內，子元元，臣諸侯，非兵不可。」元．黃鎮成．城西紀事詩：「我聞增慘愴，無策拯元元。」善意的，可憐愛的。漢書．卷四．文帝紀：「結兄弟之義，以全天下元元之民。」顏師古．注：「元元，善意也。」事物的本源。唐．李咸用．大雪歌：「暫反元元歸太素。歸太素，不知歸得人心否？」
喁喁,yú yú,  ㄩˊ ㄩˊ,低語聲。聊齋志異．卷二．聶小倩：「聞舍北喁喁，如有家口。」眾人向慕的樣子。史記．卷一一七．司馬相如傳：「延頸舉踵，喁喁然皆爭歸義。」三國志．卷三十五．蜀書．諸葛亮傳：「天下英雄喁喁，冀有所望。如不從議者，士大夫各歸求主，無為從公也。」
慄慄,lì lì,ㄌㄧˋ ㄌㄧˋ,聚集眾多的樣子。詩經．周頌．良耜：「穫之挃挃，積之栗栗。」恐懼戒慎的樣子。漢書．卷九．元帝紀：「朕承先帝之休烈，夙夜栗栗，懼不克任。」唐．韓愈．汴州東西水門記：「懍懍栗栗，若墜若覆。」驚恐、害怕的樣子。如：「慄慄不安」。亦作「栗慄」。寒冷的樣子。宋．王禹偁．和馮中允爐邊偶作詩：「春日雨絲暖融融，人曰雪花寒慄慄。」因驚恐害怕而起雞皮疙瘩。聊齋志異．卷二．聶小倩：「妾今日視之，肌猶栗慄。」亦作「慄慄」。
庸庸,yōng yōng,ㄩㄥ ㄩㄥ,用可用的人。書經．康誥：「不敢侮鰥寡，庸庸，祇祇，威威，顯民。」孔安國．傳：「用可用，敬可敬，刑可刑。」凡常無奇。漢．王充．論衡．自然：「生庸庸之君，失道廢德。」文選．左思．魏都賦：「榮操行之獨得，超百王之庸庸。」煩擾的樣子。宋．無名氏．梅妃傳：「奈何嫉色庸庸，妒氣冲冲。」微小的樣子。漢書．卷六十七．梅福傳：「毋若火，始庸庸。」
錚錚,zhēng zhēng,ㄓㄥ ㄓㄥ,狀聲詞。形容玉石或金屬碰擊所發的聲音。唐．白居易．夢仙詩：「羽衣忽飄飄，玉鸞俄錚錚。」宋．歐陽修．秋聲賦：「鏦鏦錚錚，金鐵皆鳴。」形容人品卓越出眾。清．侯方域．李姬傳：「妾少從假母識陽羨君，其人有高義。聞吳君尤錚錚。」見「錚錚佼佼」條。
佼佼,jiǎo jiǎo,ㄐㄧㄠˇ ㄐㄧㄠˇ,美好出眾的樣子。後漢書．卷十一．劉盆子傳：「卿所謂鐵中錚錚，傭中佼佼者也。」反平庸
怏怏,yàng yàng,ㄧㄤˋ ㄧㄤˋ,不滿意、不快樂的樣子。史記．卷五十七．絳侯周勃世家：「條侯免冠謝罪。上起，條侯因趨出。景帝以目送之，曰：『此怏佒者非少主臣也！』」三國演義．第二十六回：「操知來意，乃懸迴避牌於門。關公怏怏而回。」亦作「鞅鞅」。
款款,kuǎn kuǎn,ㄎㄨㄢˇ ㄎㄨㄢˇ,忠誠懇切。文選．司馬遷．報任少卿書：「僕竊不自料其卑賤，見主上慘悽怛悼，誠欲效其款款之愚。」徐緩的樣子。唐．杜甫．曲江詩二首之二：「穿花蛺蝶深深見，點水蜻蜓款款飛。」每條、每項。元．孫仲章．勘頭巾．第四折：「王法條條誅濫官，明刑款款去貪殘。」
稍稍,shāo shāo,ㄕㄠ ㄕㄠ,約略、稍微。如：「他最近稍稍胖了一點。」漸漸。戰國策．齊策四：「由此觀之，非得失之策與？稍稍誅滅，滅亡無族之時，欲為監門閭里，安可得而有乎哉？」史記．卷七十六．平原君虞卿傳：「賓客門下舍人，稍稍引去者過半。」
區區,qū qū,ㄑㄩ ㄑㄩ,微小。左傳．襄公十七年：「宋國區區，而有詛有祝，禍之本也。」舊唐書．卷一一一．張鎬傳：「臣聞天子修福，要在安養含生，靖一風化，未聞區區僧教，以致太平。」近戔戔自稱的謙詞。文選．李陵．答蘇武書：「區區之心，切慕此耳。」文選．李密．陳情表：「母孫二人更相為命，是以區區不能廢遠。」志得意滿的樣子。商君書．修權：「今亂世之君臣，區區然皆擅一國之利，而管一官之重，以便其私。」忠誠、愛戀。文選．古詩十九首．孟冬寒氣至：「一心抱區區，懼君不識察。」樂府詩集．卷七十三．雜曲歌辭十三．古辭．焦仲卿妻：「新婦謂府吏：『感君區區懷，君既若見錄，不久望君來。』」胸襟不開朗。董西廂．卷一：「莫區區，好天良夜且追遊。」憨愚，死心眼。樂府詩集．卷七十三．雜曲歌辭十三．古辭．焦仲卿妻：「阿母謂府吏：『何乃太區區。』」隋書．卷六十四．來護兒傳：「會為國滅賊以取功名，安能區區久事隴畝！」辛苦、殷勤。董西廂．卷一：「區區四海遊學，一年多半，身在天涯。」元．鄭光祖．㑳梅香．第二折：「小生區區千里而來，只為小姐這門親事。」
憤憤,fèn fèn,ㄈㄣˋ ㄈㄣˋ,心中氣憤不平的樣子。文明小史．第二回：「傳知各童生，大眾俱有憤憤之意。」心求通而未得的樣子。論語．述而「不憤不啟」句下邢昺．疏：「言人若不心憤憤，則孔子不為開說。」
震震,zhèn zhèn,ㄓㄣˋ ㄓㄣˋ,光明的樣子。文選．班固．西都賦：「震震爚爚，雷奔電激。」殷盛的樣子。文選．潘岳．藉田賦：「震震填填，塵騖連天。」有威嚴的樣子。漢．揚雄．太玄經．卷二．釋：「次七，震震不侮，濯漱其訽。」
遑遑,huáng huáng,ㄏㄨㄤˊ ㄏㄨㄤˊ,心神不定的樣子。文選．陶淵明．歸去來辭：「寓形宇內復幾時，曷不委心任去留，胡為遑遑欲何之？」亦作「皇皇」、「惶惶」。
善善,NA,NA,"NA"
曄曄,yè yè,ㄧㄝˋ ㄧㄝˋ,盛大的樣子。漢書．卷一○○．敘傳下：「世宗曄曄，思弘祖業。」茂盛美好的樣子。文選．班固．西都賦：「蘭茝發色，曄曄猗猗。」
慊慊,qiàn qiàn,ㄑㄧㄢˋ ㄑㄧㄢˋ,不滿意的樣子。文選．曹丕．燕歌行：「慊慊思歸戀故鄉，君何淹留寄他方。」唐．韓愈．送鄭十校理序：「今生始進仕，獲重語於天下，而慊慊若不足。」
戀戀,liàn liàn,ㄌㄧㄢˋ ㄌㄧㄢˋ,顧念、依戀不捨。楚辭．王逸．九思．傷時：「顧章華兮太息，志戀戀兮依依。」史記．卷七十九．范雎蔡澤傳：「然公之所以得無死者，以綈袍戀戀、有故人之意，故釋公。」
跕跕,dié dié,ㄉㄧㄝˊ ㄉㄧㄝˊ,掉落、墜落的樣子。後漢書．卷二十四．馬援傳：「下潦上霧，毒氣重蒸，仰視飛鳶跕跕墯水中。」宋．秦觀．田居詩四首之四：「寥寥場圃空，跕跕烏鳶下。」
介介,jiè jiè,ㄐㄧㄝˋ ㄐㄧㄝˋ,分隔。楚辭．劉向．九歎．惜賢：「進雄鳩之耿耿兮，讒介介而蔽之。」心有所存，不能忘懷。後漢書．卷二十四．馬援傳：「但畏長者家兒或在左右，或與從事殊難得調，介介獨惡是耳。」聊齋志異．卷一．青鳳：「誠然，但使人不能無介介耳。」孤高耿直，有節操。唐．韓愈．河南府法曹參軍盧府君夫人苗氏墓誌銘：「法曹之終，諸子實幼，煢煢其哀，介介其守。」狀聲詞。形容呼吸時喉嚨所發出的聲音。宋．洪邁．夷堅乙志．卷十五．宣城冤夢：「夜中驚魘，叔呼之不應，撼之數十，但喉中介介作聲。」
斷斷,duàn duàn,ㄉㄨㄢˋ ㄉㄨㄢˋ,忠誠專一的樣子。書經．秦誓：「如有一介臣，斷斷猗，無他伎。」表示堅決。文明小史．第三十四回：「如沒得重價給他，他斷斷不肯輕易把稿出售的。」
翕翕,xì xì,ㄒㄧˋ ㄒㄧˋ,次序顛倒的樣子。孫子．行軍：「諄諄翕翕，徐言入入者，失眾也。」朋比為奸，眾口附和的樣子。後漢書．卷四十八．翟酺傳：「朝臣在位，莫肯正議，翕翕訾訾，更相佐附。」亦作「潝潝」、「歙歙」。
勤勤,NA,NA,"NA"
惡惡,wù è,ㄨˋ ㄜˋ,憎惡邪惡的人或罪惡的事。公羊傳．僖公十七年：「君子之惡惡也疾始，善善也樂終。」史記．卷一一二．平津侯傳：「蓋君子善善惡惡，（君宜知之）​君若謹行，常在朕躬。」
察察,chá chá,ㄔㄚˊ ㄔㄚˊ,分別辨析。老子．第二十章：「俗人察察，我獨悶悶。」新唐書．卷二○七．宦者傳上．吐突承璀傳：「以黃門直東宮，為掖廷局博士，察察有才。」潔淨。楚辭．屈原．漁父：「安能以身之察察，受物之汶汶者乎？」
屑屑,xiè xiè,ㄒㄧㄝˋ ㄒㄧㄝˋ,勤勞不倦。左傳．昭公五年：「而屑屑焉習儀以亟，言善於禮，不亦遠乎。」漢書．卷九十九．王莽傳上：「晨夜屑屑，寒暑勤勤，無時休息。」瑣碎、微細的樣子。後漢書．卷五十二．崔駰傳：「子笑我之沉滯，吾亦病子屑屑而已也。」細雨飄飛的樣子。南朝梁．江淹．水上神女賦：「日炯炯而舒光，雨屑屑而稍落。」唐．孟郊．往河陽宿峽陵寄李侍御詩：「暮天寒風悲屑屑，啼鳥遶樹泉水噎。」特意。三國志．卷四十五．蜀書．宗預傳：「吾等年踰七十，所竊已過，但少一死耳，何求於年少輩而屑屑造門邪？」
謙謙,qiān qiān,ㄑㄧㄢ ㄑㄧㄢ,卑遜的樣子。漢書．卷八十五．谷永傳：「愚竊不為君侯喜。宜深辭職，自陳淺薄不足以固城門之守，攸太伯之讓，保謙謙之路，闔門高枕，為知者首。」後漢書．卷三．肅宗孝章帝紀：「深執謙謙，自稱不德，無起寑廟，掃地而祭，除日祀之法，省送終之禮，遂藏主於光烈皇后更衣別室。」
嘿嘿,hēi hēi,ㄏㄟ ㄏㄟ,形容笑聲。
忽忽,hū hū,ㄏㄨ ㄏㄨ,匆匆。楚辭．屈原．離騷：「欲少留此靈瑣兮，日忽忽其將暮。」反緩緩草率、不經意。漢．劉向．說苑．卷十六．談叢：「忽忽之謀，不可為也。」迷惘的樣子。文選．宋玉．高唐賦：「悠悠忽忽，怊悵自失。」失意的樣子。文選．司馬遷．報任少卿書：「居則忽忽若有所亡，出則不知其所往。」
緩緩,huǎn huǎn,ㄏㄨㄢˇ ㄏㄨㄢˇ,慢慢。宋．蘇軾．陌上花詩三首之一：「遺民幾度垂垂老，遊女長歌緩緩歸。」紅樓夢．第十七、十八回：「忽見一對紅衣太監騎馬緩緩的走來，至西街門下了馬。」近慢慢、徐徐反忽忽
碌碌,lù lù,ㄌㄨˋ ㄌㄨˋ,平庸的樣子。後漢書．卷八十．文苑傳下．禰衡傳：「餘子碌碌，莫足數也。」三國演義．第二十一回：「此等碌碌小人，何足挂齒。」或作「逯逯」、「錄錄」、「陸陸」。忙碌、奔波。紅樓夢．第二十二回：「從前碌碌卻因何？到如今，回頭試想真無趣。」狀聲詞。形容車行的聲音。唐．賈島．古意詩：「碌碌復碌碌，百年雙轉轂。」亦作「轆轆」。形容玉石的色彩美麗。南朝梁．劉勰．文心雕龍．總術：「落落之玉，或亂乎石；碌碌之石，時似乎玉。」才氣洋溢。南朝宋．劉義慶．世說新語．識鑒：「唯阿奴碌碌，當在阿母目下耳。」
冉冉,rǎn rǎn,ㄖㄢˇ ㄖㄢˇ,緩慢行進的樣子。楚辭．屈原．離騷：「老冉冉其將至兮，恐脩名之不立。」醒世恆言．卷四．灌園叟晚逢仙女：「忽見月影下，一青衣冉冉而來。」柔弱下垂的樣子。文選．古詩十九首．冉冉孤生竹：「冉冉孤生竹，結根泰山阿。」文選．曹植．美女篇：「柔條紛冉冉，葉落何翩翩。」濃密迷漫的樣子。元．王實甫．西廂記．第二本．第一折：「耳邊廂金鼓連天振，征雲冉冉，土雨紛紛。」明．王夫之．玉樓春．娟娟片月涵秋影詞：「綠雲冉冉粉初勻，玉露泠泠香自省。」
岌岌,jí jí,ㄐㄧˊ ㄐㄧˊ,高峻的樣子。楚辭．屈原．離騷：「高余冠之岌岌兮，長余佩之陸離。」唐．張九齡．奉和聖製途經華山詩：「攢峰勢岌岌，翊輦氣雄雄。」危險的樣子。孟子．萬章上：「天下殆哉！岌岌乎！」三國演義．第十回：「忽見帳下大旗為風所吹，岌岌欲倒，眾軍士挾持不定。」急速、急切的樣子。文選．潘岳．笙賦：「汎淫汜豔，霅曄岌岌。」
扈扈,hù hù,ㄏㄨˋ ㄏㄨˋ,廣大的樣子。禮記．檀弓上：「爾毋從從爾，爾毋扈扈爾。」鮮明光亮的樣子。文選．司馬相如．上林賦：「發紅華，垂朱榮，煌煌扈扈，照曜鉅野。」
憂憂,NA,NA,"NA"
懮懮,yǒu yǒu,ㄧㄡˇ ㄧㄡˇ,憂傷悲痛的樣子。楚辭．屈原．九章．抽思：「數惟蓀之多怒兮，傷余心之懮懮。」
諤諤,è è,ㄜˋ ㄜˋ,直言無諱的樣子。史記．卷六十八．商君傳：「千人之諾諾，不如一士之諤諤。」亦作「咢咢」。
咢咢,è è,ㄜˋ ㄜˋ,高貌。漢書．卷五十九．張衡傳：「冠咢咢其映蓋兮，佩綝纚以煇煌。」直言。漢書．卷七十三．韋賢傳：「睮睮諂夫，咢咢黃髮，如何我王，曾不是察。」亦作「愕愕」、「鄂鄂」、「諤諤」。
鄂鄂,è è,ㄜˋ ㄜˋ,直言爭辯。史記．卷四十三．趙世家：「諸大夫朝，徒聞唯唯，不聞周舍之鄂鄂，是以憂也。」亦作「咢咢」。
愕愕,è è,ㄜˋ ㄜˋ,驚訝的樣子。直言無諱的樣子。管子．白心：「愕愕者不以天下為憂，刺刺者不以萬物為筴。」漢．桓寬．鹽鐵論．國病：「夫藥酒苦於口利於病，忠言逆於耳而利於行。故愕愕者，福也；諓諓者，賤也。」亦作「咢咢」。
懇懇,kěn kěn,ㄎㄣˇ ㄎㄣˇ,至誠。漢書．卷六十二．司馬遷傳：「推賢進士為務，意氣勤勤懇懇。」西遊記．第十四回：「三藏情知是觀音菩薩授此真言，急忙撮土焚香，望東懇懇禮拜。」
皤皤,pó pó,ㄆㄛˊ ㄆㄛˊ,頭髮白的樣子。漢書．卷一○○．敘傳下：「營平皤皤，立功立論，以不濟可，上諭其信。」後漢書．卷三十二．樊宏傳：「其餘以經術見優者，布在廊廟。故朝多皤皤之良，華首之老。」物豐多的樣子。文選．左思．魏都賦：「豐肴衍衍，行包皤皤。」
衎衎,kàn kàn,ㄎㄢˋ ㄎㄢˋ,和樂的樣子。易經．漸卦．六二:「鴻漸于磐，飲食衎衎，吉。」敏捷的樣子。漢書．卷七十六．張敞傳．贊曰：「張敞衎衎，履忠進言。」
融融,róng róng,ㄖㄨㄥˊ ㄖㄨㄥˊ,和樂的樣子。左傳．隱公元年：「大隧之中，其樂也融融。」和暖的樣子。唐．杜牧．阿房宮賦：「歌臺暖響，春光融融。」儒林外史．第三十三回：「趁著這春光融融，和氣習習，憑在欄杆上，留連痛飲。」
蒸蒸,zhēng zhēng,ㄓㄥ ㄓㄥ,上升的樣子。如：「夏日午後的一場驟雨，柏油路面水氣蒸蒸，煞是好看。」
涓涓,juān juān,ㄐㄩㄢ ㄐㄩㄢ,細水慢流的樣子。荀子．法行：「涓涓源水，不雝不塞。」初刻拍案驚奇．卷二十八：「千峰花木，靜中有韻，細流石眼，水涓涓。」反浩浩形容眼淚、血液等不斷流出。唐．劉言史．苦婦詞：「氣噦不發聲，背頭血涓涓。」封神演義．第三十五回：「兵過五關人寂寂，將來幾次血涓涓。」小水流。孔子家語．卷三．觀周：「涓涓不壅，終為江河。」後漢書．卷三十七．丁鴻傳：「夫壞崖破巖之水，源自涓涓。」形容清白、清新。漢．王充．論衡．累害：「清吏增郁郁之白，舉涓涓之言。」唐．王初．銀河詩：「歷歷素榆飄玉葉，涓涓清月溼冰輪。」
干干,qián qián,ㄑㄧㄢˊ ㄑㄧㄢˊ,自強不息的樣子。易經．乾卦．九三：「君子終日乾乾，夕惕若厲，無咎。」
乾乾,qián qián,ㄑㄧㄢˊ ㄑㄧㄢˊ,自強不息的樣子。易經．乾卦．九三：「君子終日乾乾，夕惕若厲，無咎。」
少少,shǎo shǎo,ㄕㄠˇ ㄕㄠˇ,稍稍、些微。聊齋志異．卷一．賈兒：「兒微啟下裳，少少露其假尾。」近極少、少許
亭亭,tíng tíng,ㄊㄧㄥˊ ㄊㄧㄥˊ,高聳直立的樣子。文選．何劭．遊仙詩：「青青陵上松，亭亭高山柏。」後形容女子苗條，姿態秀美。唐．獨孤及．和贈遠詩：「美人挾瑟對芳樹，玉顏亭亭與花雙。」遠貌。文選．曹丕．雜詩二首之二：「西北有浮雲，亭亭如車蓋。」文選．謝靈運．泛湖歸出樓中玩月詩：「亭亭映江月，瀏瀏出谷飆。」高潔貌。後漢書．卷六十下．蔡邕傳：「情志泊兮心亭亭，嗜欲息兮無由生。」
爚爚,yuè yuè,ㄩㄝˋ ㄩㄝˋ,光明的樣子。文選．班固．西都賦：「震震爚爚，雷奔電激。」
颮颮,biāo biāo,ㄅㄧㄠ ㄅㄧㄠ,眾多的樣子。集韻．入聲．覺韻：「颮，颮颮，眾多貌。」文選．班固．西都賦：「颮颮紛紛，矰繳相纏。」
眇眇,miǎo miǎo,ㄇㄧㄠˇ ㄇㄧㄠˇ,眼睛美麗動人的樣子。楚辭．屈原．九歌．湘夫人：「帝子降兮北渚，目眇眇兮愁予，嫋嫋兮秋風，洞庭波兮木葉下。」微小的樣子。後漢書．卷二．顯宗孝明帝紀：「光武皇帝建三朝之禮，而未及臨饗。眇眇小子屬當聖業。」高遠的樣子。文選．揚雄．甘泉賦：「徒徊徊以徨徨兮，魂眇眇而昏亂。」
田田,tián tián,ㄊㄧㄢˊ ㄊㄧㄢˊ,荷葉鮮碧的樣子。漢．無名氏．江南詩：「江南可採蓮，蓮葉何田田。」宋．歐陽修．漁家傲．荷葉田田青照水詞：「荷葉田田青照水，孤舟挽在花陰底。」
莘莘,shēn shēn,ㄕㄣ ㄕㄣ,眾多的樣子。如：「莘莘學子」。
汪汪,wāng wāng,ㄨㄤ ㄨㄤ,深廣的樣子。文選．班固．典引：「汪汪乎丕天之大律，其疇能亘之哉。」南朝梁．元帝．光宅寺大僧正法師碑：「昂昂千里，孰辨麒麟之蹤？汪汪萬頃，誰識波瀾之際？」形容人的氣度恢宏寬大。後漢書．卷五十三．黃憲傳：「叔度汪汪若千頃陂，澄之不清，淆之不濁，不可量也。」淚水盈眶或液體瑩澈的樣子。唐．盧綸．與張擢對酌詩：「張老聞此詞，汪汪淚盈目。」紅樓夢．第二十五回：「因而故意裝作失手，把那一盞油汪汪的蠟燈向寶玉臉上只一推。」狀聲詞。形容狗叫的聲音。董西廂．卷六：「恰拈了冠兒，鬆開裙帶，汪汪的狗兒吠，順風聽得喊聲一派。」元．范康．竹業舟．第三折：「我這裡將半橛孤樁船纜住，則聽得汪汪犬吠竹林幽。」
惇惇,dūn dūn,ㄉㄨㄣ ㄉㄨㄣ,仁厚的樣子。後漢書．卷四十一．第五倫傳．論：「第五倫峭覈為方，非夫愷悌之士，省其奏議，惇惇歸諸寬厚，將懲苛切之敝使其然乎？」
卑卑,bēi bēi,ㄅㄟ ㄅㄟ,自勉的樣子。史記．卷六十三．老子韓非傳．太史公曰：「申子卑卑，施之於名實。」裴駰．集解：「自勉勵之意也。」平庸、微不足道。唐．鮑溶子規詩：「戚戚含至冤，卑卑忌群勢。」
蹇蹇,jiǎn jiǎn,ㄐㄧㄢˇ ㄐㄧㄢˇ,艱難的樣子。易經．蹇卦：「王臣蹇蹇，匪躬之故。」剛正不阿的樣子。漢書．卷八十九．循吏傳．龔遂傳：「遂為人忠厚，剛毅有大節，內諫爭於王，外責傅相，引經義，陳禍福，至於涕泣，蹇蹇亡已。」
跦跦,zhū zhū,ㄓㄨ ㄓㄨ,跳躍而行。左傳．昭公二十五年：「鸜鵒跦跦，公在乾侯，徵褰與襦。」
云云,yún yún,ㄩㄣˊ ㄩㄣˊ,如此如此。漢書．卷五十．汲黯傳：「上方招文學儒者，上曰吾欲云云。」近如此紛紜的議論。晉書．卷七十八．孔愉傳：「人口云云，無所不至。」文明小史．第二十九回：「至於兵船來到的話，乃是謠言，還祈從中替府憲說明，免致驚疑云云。」眾多的樣子。莊子．在宥：「萬物云云，各復其根。」亦作「芸芸」。
芸芸,yún yún,ㄩㄣˊ ㄩㄣˊ,眾多的樣子。老子．第十六章：「夫物芸芸，各復歸其根。」抱朴子．外篇．逸民：「萬物芸芸，化為埃塵矣。」亦作「云云」。
繞繞,rào rào,ㄖㄠˋ ㄖㄠˋ,彎曲的樣子。南朝齊．謝朓．思歸賦：「夜索綯而繞繞，旦乘屋而芃芃。」環繞的樣子。西遊記．第十五回：「那菩薩香風繞繞，彩霧飄飄，徑轉普陀而去。」
蔚蔚,yù yù,ㄩˋ ㄩˋ,悶悶不樂的樣子。後漢書．卷五十九．張衡傳：「愁蔚蔚以慕遠兮，越卬州而愉敖。」漢．仲長統．昌言．理亂：「彼之蔚蔚皆匈（胸）​詈腹詛，幸我之不成，而以奮其前志，詎肯用此為終死之分耶？」
坦坦,tǎn tǎn,ㄊㄢˇ ㄊㄢˇ,寬平的樣子。易經．履卦：「履道坦坦，幽人貞吉。」淮南子．原道：「大道坦坦，去身不遠。」形容平定而泰然。唐．韓愈．曹成王碑：「出則囚服就辯，入則擁笏垂魚，坦坦施施。」聊齋志異．卷八．霍女：「黃瑟踧不自安，而女殊坦坦。」
回回,huí hui,ㄏㄨㄟˊ ˙ㄏㄨㄟ,迂迴轉折的樣子。唐．杜甫．法鏡寺詩：「回回山根水，冉冉松上雨。」每次。唐．王建．烏夜啼詩：「一飛直欲飛上天，回回不離舊棲處。」古時稱信仰伊斯蘭教的國家。
拳拳,quán quán,ㄑㄩㄢˊ ㄑㄩㄢˊ,真摯誠懇。文選．司馬遷．報任少卿書：「拳拳之忠，終不能自列。」唐．孟簡．惜分陰詩：「業廣因功苦，拳拳志士心。」亦作「卷卷」、「惓惓」。勤勉的樣子。唐．柳宗元．天爵論：「拳拳於得善，孜孜於嗜學。」彎曲的樣子。水滸傳．第十二回：「夾腦連頭，盡長拳拳彎彎捲螺髮。」敬慕眷戀的樣子。唐．白居易．訪陶公舊宅詩：「每讀五柳傳，目想心拳拳。」
彌彌,mǐ mǐ,ㄇㄧˇ ㄇㄧˇ,水流盛滿的樣子。詩經．邶風．新臺：「新臺有泚，河水瀰瀰。」
彌漫,mí màn,ㄇㄧˊ ㄇㄢˋ,遍布、滿布。三國志．卷五十五．吳書．徐盛傳：「望園愕然，彌漫數百里。」近布滿、遍布、滿布、充滿亦作「瀰漫」。遍布、滿布。明．高啟．秋日江居寫懷詩七首之三：「芙蓉澤國瀰漫雨，禾黍田禾掩冉風。」如：「戰雲瀰漫」。近漫布亦作「彌漫」。
瀰漫,NA,NA,"NA"
煢煢,qióng qióng,ㄑㄩㄥˊ ㄑㄩㄥˊ,孤獨無依的樣子。楚辭．屈原．思美人：「獨煢煢而南行兮，思彭咸之故也。」晉．陶淵明．祭程氏妹文：「煢煢游魂，誰主誰祀？」亦作「惸惸」、「瞏瞏」、「嬛嬛」。
容容,róng róng,ㄖㄨㄥˊ ㄖㄨㄥˊ,苟且敷衍，隨眾附和。史記．卷九十六．張丞相傳：「其治容容，隨世俗浮沉。」漢書．卷八十四．翟方進傳：「朕誠怪君，何持容容之計，無忠固意。」飛揚的樣子。楚辭．屈原．九歌．山鬼：「表獨立兮山之上，雲容容兮而在下。」漢書．卷二十二．禮樂志：「神之行，旌容容，騎沓沓，般縱縱。」紛亂動蕩的樣子。楚辭．屈原．九章．悲回風：「紛容容之無經兮，罔芒芒之無紀。」史記．卷九十二．淮陰侯傳：「夫銳氣挫於險塞，而糧食竭於內府，百姓罷極怨望，容容無所倚。」
匈匈,xiōng xiōng,ㄒㄩㄥ ㄒㄩㄥ,喧嘩、吵嚷。莊子．在宥：「自三代以下者，匈匈焉，終以賞罰為事，彼何暇安其性命之情哉！」漢書．卷六十五．東方朔傳：「天不為人之惡寒而輟其冬，地不為人之惡險而輟其廣，君子不為小人之匈匈而易其行。」動亂不安。史記．卷七．項羽本紀：「天下匈匈數歲者，徒以吾兩人耳，願與漢王挑戰決雌雄，毋徒苦天下之民父子為也。」南史．卷七十．循吏傳．沈瑀傳：「不然人情匈匈，皆思改計；若不早圖，眾散難合。」
皚皚,ái ái,ㄞˊ ㄞˊ,潔白的樣子。漢．劉歆．遂初賦：「漂積雪之皚皚兮，涉凝露之降霜。」
騷騷,sāo sāo,ㄙㄠ ㄙㄠ,行動急速的樣子。禮記．檀弓上：「故騷騷爾則野，鼎鼎爾則小人。」宋．黃庭堅．勞坑入前城詩：「山農驚長吏，出拜家騷騷。」風力強勁的樣子。文選．張衡．思玄賦：「寒風淒其永至兮，拂穹岫之騷騷。」狀聲詞。形容風吹樹葉的聲音。唐．徐凝．莫愁曲：「玳瑁床頭刺戰袍，碧紗窗外葉騷騷。」
碄碄,NA,NA,"NA"
洩洩,yì yì,ㄧˋ ㄧˋ,舒坦快樂的樣子。左傳．隱公元年：「姜出而賦：『大隧之外，其樂也洩洩！』」從容自在的樣子。詩經．邶風．雄雉：「雄雉于飛，泄泄其羽。」競進的樣子。詩經．大雅．板：「天之方蹶，無然泄泄。」
閬閬,láng láng,ㄌㄤˊ ㄌㄤˊ,高大、空虛的樣子。漢書．卷八十七．揚雄傳上：「閌閬閬其寥廓兮，似紫宮之崢嶸。」明大的樣子。後漢書．卷五十九．張衡傳：「出紫宮之肅肅兮，集大微之閬閬。」
蜿蜿,wǎn wǎn,ㄨㄢˇ ㄨㄢˇ,龍蛇行走的樣子。晉書．卷二十三．樂志下：「龍飛何蜿蜿，鳳翔何翽翽。」文選．張衡．西京賦：「海鱗變而成龍，狀蜿蜿以蝹蝹。」彎曲的樣子。唐．李賀．五粒小松歌：「蛇子蛇孫鱗蜿蜿，新香幾粒洪厓飯。」
剡剡,yǎn yǎn,ㄧㄢˇ ㄧㄢˇ,發光的樣子。楚辭．屈原．離騷：「皇剡剡其揚靈兮，告余以吉故。」
娑娑,suō suō,ㄙㄨㄛ ㄙㄨㄛ,鬆散、飛揚的樣子。文選．張衡．思玄賦：「修初服之娑娑兮，長余佩之參參。」
鎗鎗,NA,NA,"NA"
鍠鍠,huáng huáng,ㄏㄨㄤˊ ㄏㄨㄤˊ,狀聲詞。形容鐘鼓聲。後漢書．卷六十上．馬融傳：「鍠鍠鎗鎗，奏於農郊大路之衢。」
速速,sù sù,ㄙㄨˋ ㄙㄨˋ,迅速、急速。三國演義．第七十六回：「眾人都叫：『本處人速速投降！』關公大怒，欲上岡殺之。」初刻拍案驚奇．卷十七：「如有來投求報應者，可書『香』字與之，叫他速速歸家。」鄙陋的樣子。後漢書．卷六十下．蔡邕傳：「速速方轂，夭夭是加。」亦作「蔌蔌」。不相親附的樣子。楚辭．劉向．九歎．逢紛：「心戃慌其不我與兮，躬速速其不吾親。」
泯泯,mǐn mǐn,ㄇㄧㄣˇ ㄇㄧㄣˇ,昏昧的樣子。書經．呂刑：「民興胥漸，泯泯棼棼。」紛亂的樣子。漢書．卷一○○．敘傳下：「泯泯群黎，化為良吏。」水清。唐．杜甫．漫成詩：「野日荒荒白，春流泯泯清。」
嶢嶢,yáo yáo,ㄧㄠˊ ㄧㄠˊ,高峻的樣子。文選．揚雄．甘泉賦：「直嶢嶢以造天兮，厥高慶而不可乎彌度。」文選．曹植．七啟：「志飄飄焉，嶢嶢焉，似若狹六合而隘九州。」形容正直、完美等純粹的狀態。新唐書．卷九十七．魏徵傳．贊曰：「皓皓者易汙，嶢嶢者難全。」
皦皦,jiǎo jiǎo,ㄐㄧㄠˇ ㄐㄧㄠˇ,潔白明淨的樣子。後漢書．卷六十一．黃瓊傳：「嶢嶢者易缺，皦皦者易汙。」文選．左思．雜詩：「明月出雲崖，皦皦流素光。」心胸光明。如：「心中皦皦」。
隆隆,lóng lóng,ㄌㄨㄥˊ ㄌㄨㄥˊ,狀聲詞。形容很大的聲音。常指雷聲而言。漢．王充．論衡．雷虛：「隆隆之聲，天怒之音，若人之呴吁矣。」漢書．卷二十七．五行志上：「沛郡鐵官鑄鐵，鐵不下，隆隆如雷聲。」勢盛的樣子。文選．揚雄．解嘲：「炎炎者滅，隆隆者絕。」
纖纖,xiān xiān,ㄒㄧㄢ ㄒㄧㄢ,微細。荀子．大略：「禍之所由生也，生自纖纖也。」細而尖。文選．鮑照．翫月城西門解中詩：「始見西南樓，纖纖如玉鉤。」唐．韓愈．答張十一功曹詩：「篔簹競長纖纖筍，躑躅閒開豔豔花。」細柔嫵媚的樣子。文選．古詩十九首．青青河畔草：「娥娥紅粉妝，纖纖出素手。」樂府詩集．卷七十三．雜曲歌辭十三．古辭．焦仲卿妻：「纖纖作細步，精妙世無雙。」
鞅鞅,yāng yāng,ㄧㄤ ㄧㄤ,不滿意、不快樂的樣子。漢書．卷一．高帝紀：「諸將故與帝為編戶民，北面為臣，心常鞅鞅。」亦作「怏怏」。
孜孜,zī zī,ㄗ ㄗ,勤勉不懈。書經．益稷：「禹拜曰：『都帝予何言，予思日孜孜。』」文選．任昉．齊竟陵文宣王行狀：「雖牽以物役，孜孜無怠。」不停、不歇。聊齋志異．卷二．嬰甯：「又弔其無家，亦殊無悲意，孜孜憨笑而已。」仔細。宋．柳永．十二時．晚晴初詞：「夜永有時，分明枕上，覷著孜孜地。」元．關漢卿．玉鏡臺．第二折：「朝至暮不轉我這眼睛，孜孜覷定。」亦作「咨咨」。溫婉、柔順。宋．歐陽修．惜芳年．因倚蘭臺翠雲嚲詞：「睡未足，雙眉尚鎖，潛身走向伊行坐，孜孜地，告他梳裹。」宋元戲文輯佚．許盼盼燕子樓：「自來舉止孜孜地，那更好模好樣，一捻兒身己。」狀聲詞。形容鳥鳴聲。唐．白居易．燕示劉叟詩：「四兒日夜長，索食聲孜孜。」
咨咨,zī zī,ㄗ ㄗ,狀聲詞。形容嘆息聲。唐．韓愈．嗟哉董生行：「父母不戚戚，妻子不咨咨。」唐．白居易．新樂府．五弦彈：「座中有一遠方士，唧唧咨咨聲不已。」仔細。元．無名氏．賞花時．臥枕著床染病疾套：「忽見人來敢是他，只恐有爭差，咨咨認了，正是那嬌娃。」亦作「孜孜」。
耀耀,yào yào,ㄧㄠˋ ㄧㄠˋ,光明的樣子。文選．司馬相如．長門賦：「五色炫以相曜兮，爛耀耀而成光。」
燿燿,yào yào,ㄧㄠˋ ㄧㄠˋ,光明的樣子。文選．司馬相如．長門賦：「五色炫以相曜兮，爛耀耀而成光。」
賁賁,bēn bēn,ㄅㄣ ㄅㄣ,星體的形狀。左傳．僖公五年：「鶉之賁賁，天策焞焞。」勇猛跳行的樣子。禮記．表記：「詩曰：『鵲之姜姜，鶉之賁賁。』」或作「奔奔」。
即即,jí jí,ㄐㄧˊ ㄐㄧˊ,充實。漢書．卷二十二．禮樂志：「磑磑即即，師象山則。烏呼孝哉，案撫戎國。」顏師古．注引孟康曰：「即即，充實也。」狀聲詞。形容鳳鳥的鳴聲。漢．王充．論衡．講瑞：「雄曰鳳，雌曰凰。雄鳴曰即即，雌鳴曰足足。」
裔裔,yì yì,ㄧˋ ㄧˋ,飛流的樣子。漢書．卷二十二．禮樂志：「先以雨，般裔裔。」舞姿或步履輕盈的樣子。文選．左思．蜀都賦：「紆長袖而屢舞，翩躚躚而裔裔。」
翊翊,yì yì,ㄧˋ ㄧˋ,恭敬、虔敬的樣子。漢書．卷二十二．禮樂志：「既畏茲威，惟慕純德，附而不驕，正心翊翊。」蠕行的樣子。文選．王襃．洞簫賦：「螻蟻蝘蜒，蠅蠅翊翊。」飛翔的樣子。漢書．卷二十二．禮樂志：「神之徠，泛翊翊，甘露降，慶雲集。」
翔翔,xiáng xiáng,ㄒㄧㄤˊ ㄒㄧㄤˊ,莊敬的樣子。禮記．玉藻：「廟中齊齊，朝廷濟濟翔翔。」安和舒適的樣子。漢書．卷七十三．韋賢傳：「朝宗商邑，四牡翔翔。」高飛的樣子。楚辭．東方朔．七諫．謬諫：「眾鳥皆有行列兮，鳳獨翔翔而無所薄。」
鰓鰓,xǐ xǐ,ㄒㄧˇ ㄒㄧˇ,憂愁恐懼的樣子。漢書．卷二十三．刑法志：「故雖地廣兵彊，鰓鰓常恐天下之一合而共軋己也。」
儗儗,nǐ nǐ,ㄋㄧˇ ㄋㄧˇ,草木繁盛的樣子。漢書．卷二十四．食貨志上：「故其詩曰：『或芸或芓，黍稷儗儗。』」亦作「薿薿」。迷惑不解的樣子。唐．柳宗元．夢歸賦：「若有鉥予以往路兮，馭儗儗以回復。」
謷謷,áo áo,ㄠˊ ㄠˊ,詆毀的樣子。楚辭．王逸．九思．怨上：「令尹兮謷謷，群司兮譨譨。」眾口怨嘆的聲音。漢書．卷二十四．食貨志上：「天下謷謷然，陷刑者眾。」
盪盪,NA,NA,"NA"
索索,suǒ suǒ,ㄙㄨㄛˇ ㄙㄨㄛˇ,內心不安的樣子。易經．震卦．上六：「震索索，視矍矍，征凶。」文明小史．第十一回：「傅知府還當是一班鬧事的人，要哄他出去打，他抵死不敢出去，只是索索的抖。」冷寂蕭條的樣子。北周．庾信．擬詠懷詩二十七首之一：「索索無真氣，昏昏有俗心。」形容風的聲音。隋．江總．貞女峽賦：「山蒼蒼以墜葉，樹索索而搖枝。」清．陳維崧．好事近．分手柳花天詞：「話到英雄失路，忽涼風索索。」
汲汲,jí jí,ㄐㄧˊ ㄐㄧˊ,形容努力求取、不休息的樣子。漢書．卷八十七．揚雄傳上：「不汲汲於富貴，不戚戚於貧賤。」虛偽奸詐的樣子。莊子．盜跖：「子之道，狂狂汲汲，詐巧虛偽事也。」憂惶不安的樣子。三國志．卷十九．魏書．陳思王植傳：「植以前過，事事復減半，十一年中而三徙都，常汲汲無歡，遂發疾薨。」恭敬謹慎，不敢怠忽。公羊傳．哀公十三年．何休．解詁：「以晉大國，尚猶汲汲於吳，則知諸侯莫敢不至也。」
燕燕,yàn yàn,ㄧㄢˋ ㄧㄢˋ,燕子。詩經．邶風．燕燕：「燕燕于飛，差池其羽。」唐．齊己．新燕詩：「燕燕知何事，年年應候來。」比喻妻妾或美女。宋．蘇軾．張子野年八十五尚聞買妾述古令作詩：「詩人老去鶯鶯在，公子歸來燕燕忙。」如：「鶯鶯燕燕」。悠閒的樣子。詩經．小雅．北山：「或燕燕居息，或盡瘁事國。」毛亨．傳：「燕燕，安息貌。」亦作「宴宴」。
宴宴,yàn yàn,ㄧㄢˋ ㄧㄢˋ,悠閒安樂的樣子。漢書．卷二十七．五行志下之下：「六物不同，民心不壹，事序不類，官職不則，同始異終，胡可常也？詩：『或宴宴居息，或盡顇事國。』其異終也如是。」亦作「燕燕」。
睢睢,suī suī,ㄙㄨㄟ ㄙㄨㄟ,仰目而視的樣子。漢書．卷二十七．五行志中之下：「萬眾睢睢，驚怪連日。」唐．韓愈．寄崔二十六立之詩：「久欲辭謝去，休令眾睢睢。」
晻晻,ǎn ǎn （又音）​yǎn yǎn,  ㄢˇ ㄢˇ （又音）​ㄧㄢˇ ㄧㄢˇ,形容幽暗。漢．蔡邕．霖雨賦：「瞻玄雲之晻晻兮，聽長霤之淋淋。」唐．儲光羲．晚次東亭獻鄭州宋使君文詩：「霏霏渠門色，晻晻制巖光。」夕陽西下黯然無光的樣子。楚辭．劉向．九歎．惜賢：「熟契契而委棟兮，日晻晻而下頹。」樂府詩集．卷七十三．雜曲歌辭十三．古辭．焦仲卿妻：「晻晻日欲暝，愁思出門啼。」
累累,lěi lěi,ㄌㄟˇ ㄌㄟˇ,繁多、重積的樣子。漢．董仲舒．春秋繁露．順命：「春秋列序位卑尊之陳，累累乎可得而觀也。」明．梁辰魚．浣紗記．第七齣：「況累累數對璠璵，更纖纖一雙花蕊。」亦作「纍纍」。屢屢。穀梁傳．哀公十三年：「吳，東方之大國也。累累致小國以會諸侯，以合乎中國。」亦作「纍纍」。繁多、重積的樣子。禮記．樂記：「倨中矩，句中鉤，纍纍乎端如貫珠。」漢書．卷九十三．佞幸傳．石顯傳：「印何纍纍，綬若若邪！」如：「果實纍纍」。亦作「累累」。瘦弱、疲憊的樣子。禮記．玉藻：「喪容纍纍，色容顛顛。」元．馬祖常．室婦歎詩：「翁姑帶索行纍纍，弱兒失爺夫失妻。」失意、不得志的樣子。史記．卷四十七．孔子世家：「纍纍若喪家之狗。」或作「儽儽」。屢屢。唐．柳宗元．三戒：「晝纍纍與人兼行，夜則竊齧鬥暴，其聲萬狀，不可以寢。」亦作「累累」。
纍纍,lěi lěi,ㄌㄟˇ ㄌㄟˇ,繁多、重積的樣子。漢．董仲舒．春秋繁露．順命：「春秋列序位卑尊之陳，累累乎可得而觀也。」明．梁辰魚．浣紗記．第七齣：「況累累數對璠璵，更纖纖一雙花蕊。」亦作「纍纍」。屢屢。穀梁傳．哀公十三年：「吳，東方之大國也。累累致小國以會諸侯，以合乎中國。」亦作「纍纍」。繁多、重積的樣子。禮記．樂記：「倨中矩，句中鉤，纍纍乎端如貫珠。」漢書．卷九十三．佞幸傳．石顯傳：「印何纍纍，綬若若邪！」如：「果實纍纍」。亦作「累累」。瘦弱、疲憊的樣子。禮記．玉藻：「喪容纍纍，色容顛顛。」元．馬祖常．室婦歎詩：「翁姑帶索行纍纍，弱兒失爺夫失妻。」失意、不得志的樣子。史記．卷四十七．孔子世家：「纍纍若喪家之狗。」或作「儽儽」。屢屢。唐．柳宗元．三戒：「晝纍纍與人兼行，夜則竊齧鬥暴，其聲萬狀，不可以寢。」亦作「累累」。
儽儽,NA,NA,"NA"
孛孛,bó bó,ㄅㄛˊ ㄅㄛˊ,光芒四射的樣子。左傳．昭公十七年．孔穎達．正義：「言其狀似掃帚，光芒孛孛然。」漢書．卷四．文帝本紀：「有長星出于東方。」顏師古．注：「孛星光芒短，其光四出蓬蓬孛孛也。」
渢渢,féng féng,ㄈㄥˊ ㄈㄥˊ,形容悠揚婉轉的中庸之聲。左傳．襄公二十九年：「美哉！渢渢乎！大而婉，險而易行，以德輔此，則明主也。」杜預．注：「渢渢，中庸之聲。」文明小史．第五十三回：「那兩個歌妓唱將起來，饒鴻生聽了聽，雖不懂他們唱的是什麼，倒也渢渢移人。」狀聲詞。形容宏大的聲音或風聲、水聲等。宋．石介．慶曆聖德頌詩：「大聲渢渢，震搖六合。」明．徐弘祖．徐霞客遊記．卷一上．遊九鯉湖日記：「晚坐祠前，新月正懸峰頂，俯挹平湖，神情俱朗；靜中渢渢，時觸雷漈聲。」
齗齗,yín yín,ㄧㄣˊ ㄧㄣˊ,爭辯的樣子。漢書．卷三十六．楚元王劉交傳：「朝臣齗齗不可光祿勳，何〔邪〕？」唐．柳宗元．愚溪詩序：「古有愚公谷，今予家是溪，而名莫能定，土之居者猶齗齗然，不可以不更也。」
調調,diào diao,  ㄉㄧㄠˋ ˙ㄉㄧㄠ,排場、架子。花樣。如：「他的調調最多了。」德行。如：「多年不見，他還是那個調調！」論調。風吹枝葉搖動的樣子。莊子．齊物論：「厲風濟，則眾竅為虛，而獨不見之調調之刁刁乎！」
嗛嗛,qiǎn qiǎn,ㄑㄧㄢˇ ㄑㄧㄢˇ,微小的。國語．晉語一：「嗛嗛之德，不足就也。」不足的。晉．束晳．貧家賦：「食草葉而不飽，常嗛嗛于膳珍。」
籍籍,jí jí,ㄐㄧˊ ㄐㄧˊ,猶眾口喧喧甚囂塵上。漢書．卷五十三．景十三王傳．江都易王劉非傳：「國中口語籍籍，慎無復至江都。」漢書．卷六十六．劉屈氂傳：「事籍籍如此，何謂祕也？」縱橫散落的樣子。漢書．卷六十三．武五子傳．燕刺王劉旦傳：「髮紛紛兮寘渠，骨籍籍兮亡居。」聲名盛大的樣子。文選．袁淑．效曹子建樂府白馬篇：「籍籍關外來，車徒傾國廛。」唐．韓愈．送僧澄觀詩：「借問經營本何人，道人澄觀名籍籍。」
姁姁,xǔ xǔ,ㄒㄩˇ ㄒㄩˇ,喜悅自得的樣子。呂氏春秋．有始覽．諭大：「父子兄弟相與比周於一國，姁姁焉相樂也。」言語溫和親切。唐．柳宗元．段太尉逸事狀：「太尉為人姁姁，常低首拱手行步。」明．歸有光．先妣事略：「敦尚簡實，與人姁姁說村中語。」
多多,duō duō,ㄉㄨㄛ ㄉㄨㄛ,非常多。唐．元稹．善歌如貫珠賦：「漸杳杳而無極，以多多而益貴。」
惓惓,quán quán,ㄑㄩㄢˊ ㄑㄩㄢˊ,真摯誠懇。漢書．卷三十六．楚元王劉交傳：「念忠臣雖在甽畝，猶不忘君，惓惓之義也。」初刻拍案驚奇．卷三十：「多感君侯惓惓垂問，某有心事，今不敢隱。」亦作「卷卷」、「拳拳」。
歙歙,xì xì,ㄒㄧˋ ㄒㄧˋ,心無所偏執的樣子。老子．第四十九章：「聖人在天下，歙歙為天下渾其心。」朋比為奸，眾口附和的樣子。漢書．卷三十六．楚元王劉交傳：「眾小在位而從邪議，歙歙相是而背君子。」亦作「翕翕」、「潝潝」。
翕翕,xì xì,ㄒㄧˋ ㄒㄧˋ,次序顛倒的樣子。孫子．行軍：「諄諄翕翕，徐言入入者，失眾也。」朋比為奸，眾口附和的樣子。後漢書．卷四十八．翟酺傳：「朝臣在位，莫肯正議，翕翕訾訾，更相佐附。」亦作「潝潝」、「歙歙」。
潝潝,xì xì,ㄒㄧˋ ㄒㄧˋ,朋比為奸，眾口附和的樣子。詩經．小雅．小旻：「潝潝訿訿，亦孔之哀。」亦作「翕翕」、「歙歙」。
卒卒,cù cù,ㄘㄨˋ ㄘㄨˋ,匆促急迫的樣子。漢書．卷六十二．司馬遷傳：「書辭宜答，會東從上來，又迫賤事，相見日淺，卒卒無須臾之間得竭指意。」唐．韓愈．答劉秀才論史書：「豈一人卒卒能紀而傳之邪？」
孳孳,zī zī,ㄗ ㄗ,勤勉不怠。孟子．盡心上：「雞鳴而起，孳孳為善者，舜之徒也。」漢書．卷八十五．谷永傳：「宜夙夜孳孳，執伊尹之彊德，以守職匡上。」
娖娖,chuò chuò,ㄔㄨㄛˋ ㄔㄨㄛˋ,誠實的樣子。史記．卷九十六．張丞相傳：「娖娖廉謹，為丞相備員而已。」遼史．卷一○二．蕭奉先等傳．論曰：「嗚呼！天祚之所倚毗者若此，國欲不亡，得乎？張琳娖娖守位，余睹反覆自困，則又何足議哉！」
縹縹,piǎo piǎo,ㄆㄧㄠˇ ㄆㄧㄠˇ,輕舉的樣子。漢書．卷四十八．賈誼傳：「鳳縹縹其高逝兮，夫固自引而遠去。」
喋喋,dié dié,ㄉㄧㄝˊ ㄉㄧㄝˊ,多話的樣子。史記．卷一一○．匈奴傳：「嗟土室之人，顧無多辭，令喋喋而佔佔，冠固何當？」聊齋志異．卷三．連瑣：「所言伊何？乃已喋喋向人！」亦作「諜諜」。
諜諜,dié dié,ㄉㄧㄝˊ ㄉㄧㄝˊ,說話不止的樣子。史記．卷一○二．張釋之傳：「夫絳侯、東陽侯稱為長者，此兩人言事曾不能出口，豈學此嗇夫諜諜利口捷給我！」亦作「喋喋」。
訢訢,xīn xīn,ㄒㄧㄣ ㄒㄧㄣ,喜樂的樣子。淮南子．俶真：「使知之訢訢然，人樂其性者，仁也。」漢書．卷五十一．賈山傳：「天下皆訢訢焉，曰將興堯舜之道。」
墨墨,mò mò,ㄇㄛˋ ㄇㄛˋ,昏暗的樣子。管子．四稱：「政令不善，墨墨若夜。」默默，無聲無息。史記．卷六十八．商君傳：「武王諤諤以昌，殷紂墨墨以亡。」不得意的樣子。漢書．卷五十二．竇嬰傳：「而嬰失竇太后，益疏不用，無勢，……故嬰墨墨不得意。」亦作「默默」、「嚜嚜」。
嚜嚜,mò mò,ㄇㄛˋ ㄇㄛˋ,不得意的樣子。史記．卷八十四．屈原賈生傳：「于嗟嚜嚜兮，生之無故！」亦作「墨墨」、「默默」。
蛩蛩,qióng qióng,ㄑㄩㄥˊ ㄑㄩㄥˊ,憂心煩惱的樣子。楚辭．劉向．九歎．離世：「心蛩蛩而懷顧兮，魂眷眷而獨逝。」
琅琅,láng láng,ㄌㄤˊ ㄌㄤˊ,狀聲詞：(1)​ 形容金石相擊的聲音。晉書．卷九十二．庾闡傳：「質清浮磬，聲若孤桐，琅琅其璞，巖巖其峰。」(2)​ 形容清朗的讀書聲。清．蔣士銓．鳴機夜課圖記：「銓誦聲琅琅然，與藥鼎沸聲相亂。」清．嚴復．甲辰出都呈同里諸公詩：「孤山處士音琅琅，皂袍演說常登堂。」(3)​ 形容蛇皮鼓的聲音。元．湯式．風入松．題貨郎擔兒曲：「數聲何處蛇皮鼓，琅琅過金水橋東。」亦作「不琅琅」、「不朗朗」。
淫淫,yín yín,ㄧㄣˊ ㄧㄣˊ,流動的樣子。楚辭．劉向．九歎．離世：「河水淫淫情所願兮，顧瞻郢路終不返兮。」唐．柳宗元．天對：「黑水淫淫，窮於不姜。」增進的樣子。管子．內業：「冥冥乎不見其形，淫淫乎與我俱生。」行進的樣子。文選．揚雄．羽獵賦：「淫淫與與，前後要遮。」
蒞蒞,NA,NA,"NA"
燐燐,lín lín,ㄌㄧㄣˊ ㄌㄧㄣˊ,清晰可見的樣子。文選．劉楨．贈從弟詩三首之一：「汎汎東流水，磷磷水中石。」
矗矗,chù chù,ㄔㄨˋ ㄔㄨˋ,高聳的樣子。文選．司馬相如．上林賦：「崇山矗矗，巃嵸崔巍。」明史．卷三二五．外國傳六．浡泥傳：「矗矗高山，以鎮王國。」層層疊起的樣子。宋．梅堯臣．依韻和孫都官河上寫望詩：「魚腥矗矗橋邊市，花暗深深竹裡窗。」
菲菲,fēi fēi,  ㄈㄟ ㄈㄟ,氣味芳香。楚辭．屈原．九歌．東皇太一：「芳菲菲兮滿堂，五音紛兮繁會。」亦作「馡馡」。形容花朵美麗。晉．左思．吳都賦：「曄兮菲菲，光色炫晃。」雜亂的樣子。漢．揚雄．太玄經．卷四．昆：「次二，白黑菲菲，三禽一角，同尾。」高下不定的樣子。後漢書．卷八十三．逸民傳．梁鴻傳：「心惙怛兮傷悴，志菲菲兮升降。」香氣盛的樣子。楚辭．屈原．離騷：「佩繽紛其繁飾兮，芳菲菲其彌章。」
藉藉,jí jí,ㄐㄧˊ ㄐㄧˊ,眾多雜亂的樣子。南齊書．卷五十五．孝義傳．樂頤傳：「外傳藉藉，似有伊周之事，君蒙武帝殊常之恩，荷託付之重，恐不得同人此舉。」
榛榛,zhēn zhēn,ㄓㄣ ㄓㄣ,草木叢生蕪雜的樣子。漢書．卷五十七．司馬相如傳下：「觀眾樹之蓊薆兮，覽竹林之榛榛。」唐．柳宗元．封建論：「草木榛榛，鹿豕狉狉。」
曖曖,ài ài,ㄞˋ ㄞˋ,昏暗不明的樣子。楚辭．屈原．離騷：「時曖曖其將罷兮，結幽蘭而延佇。」晉．陶淵明．歸園田居詩五首之一：「曖曖遠人村，依依墟里煙。」
油油,yóu yóu,ㄧㄡˊ ㄧㄡˊ,和謹、恭敬的樣子。禮記．玉藻：「君子之飲酒也，受一爵而色灑如也，二爵而言言斯禮巳，三爵而油油以退。」草木有光澤的樣子。史記．卷三十八．宋微子世家：「麥秀漸漸兮，禾黍油油。」如：「綠油油」。流動順暢的樣子。楚辭．劉向．九歎．遠逝：「江湘油油，長流汨兮，挑揄揚汰，盪迅疾兮。」文選．司馬相如．封禪文：「自我天覆，雲之油油，甘露時雨，厥壤可遊。」
熙熙,xī xī,ㄒㄧ ㄒㄧ,和樂的樣子。老子．第二十章：「眾人熙熙，如享太牢。」唐．韋應物．往富平傷懷詩：「出門無所憂，返室亦熙熙。」形容笑聲。太平廣記．卷四一九．柳毅傳：「紅妝千萬，笑聲熙熙。」
宛宛,wǎn wǎn,ㄨㄢˇ ㄨㄢˇ,盤旋屈曲的樣子。文選．司馬相如．封禪文：「宛宛黃龍，興德而升。」山路蜿蜒曲折。唐．張祜．車遙遙詩：「碧川迢迢山宛宛，馬蹄在耳輪在眼。」柔弱的樣子。清．納蘭性德．秋千索．淥水亭春望詞：「煙絲宛宛愁縈挂，賸幾筆晚晴圖畫。」
混混,gǔn gǔn,  ㄍㄨㄣˇ ㄍㄨㄣˇ,波浪翻湧的樣子。孟子．離婁下：「源泉混混，不舍晝夜。」亦作「袞袞」、「滾滾」。元氣顯著的樣子。史記．卷一三○．太史公自序：「乃合大道，混混冥冥。」濁亂的樣子。楚辭．王逸．九思．悼亂：「時混混兮澆饡，哀當世兮莫知。」波浪的聲音。文選．枚乘．七發：「混混庉庉，聲如雷鼓。」苟且度過。如：「像我們這些庸材，只好混混日子了。」
忿忿,fèn fèn,ㄈㄣˋ ㄈㄣˋ,憤怒不平的樣子。漢書．卷六十三．武五子傳．戾太子劉據傳：「獨冤結而亡告，不忍忿忿之心。」三國演義．第四回：「袁紹忿忿而去，若購之急，勢必為變。」
慺慺,lóu lóu,ㄌㄡˊ ㄌㄡˊ,恭敬勤懇，小心謹慎。後漢書．卷五十四．楊震傳：「老臣過受師傅之任，數蒙寵異之恩，豈敢愛惜垂沒之年，而不盡其慺慺之心哉！」三國志．卷十三．魏書．王朗傳：「老臣慺慺，願國家同祚於軒轅之五五。」
惶惶,huáng huáng,ㄏㄨㄤˊ ㄏㄨㄤˊ,心中惶恐不安的樣子。唐．柳宗元．與楊誨之疏解車義第二書：「到永州七年矣，蚤夜惶惶，追思咎過，往來甚熟。」亦作「皇皇」、「遑遑」。匆促急迫的樣子。宋．歐陽修．記舊本韓文後：「孔孟惶惶於一時，而師法於千萬世。」
謇謇,jiǎn jiǎn,ㄐㄧㄢˇ ㄐㄧㄢˇ,忠貞的樣子。楚辭．屈原．離騷：「余固知謇謇之為患兮，忍而不能舍也。」正直的言論。後漢書．卷二十五．魯恭傳：「陛下既廣納謇謇，以開四聰，無令芻蕘以言得罪。」
凜凜,NA,NA,"NA"
憒憒,kuì kuì,ㄎㄨㄟˋ ㄎㄨㄟˋ,糊塗。二刻拍案驚奇．卷六：「試看金翠當年事，憒憒將軍更可哀。」擾亂。後漢書．卷六十九．何進傳：「天下憒憒，亦非獨我曹罪也。」
譊譊,náo náo,ㄋㄠˊ ㄋㄠˊ,爭辯聲。漢．揚雄．法言．寡見：「譊譊者，天下皆訟也。」怒叫聲。漢．無名氏．孤兒行：「里中一何譊譊，願欲寄尺書，將與地下父母，兄嫂難與久居！」
匆匆,cōng cōng,ㄘㄨㄥ ㄘㄨㄥ,匆忙、急遽的樣子。五代史平話．周史．卷上：「昨來舉事太匆匆，如今奈何？」三國演義．第三十四回：「昨見主公匆匆而回，意甚不樂。」如：「行色匆匆」。近急急、倉促、匆忙、匆促
鑠鑠,shuò shuò,ㄕㄨㄛˋ ㄕㄨㄛˋ,光明閃耀的樣子。三國志．卷四十二．蜀書．郤正傳：「赫赫龍章，鑠鑠車服。」文選．何晏．景福殿賦：「鎬鎬鑠鑠，赫奕章灼。」
渾渾,gǔn gǔn,  ㄍㄨㄣˇ ㄍㄨㄣˇ,水流暢盛的樣子。荀子．富國：「下得地利，中得人和，則財貨渾渾如泉源。」昏昧無知的樣子。北周．庾信．小園賦：「諒天造兮昧昧，嗟生民兮渾渾。」純樸。漢．揚雄．法言．問神：「虞夏之書渾渾爾，商書灝灝爾。」大的樣子。唐．韓愈．進學解：「上規姚姒，渾渾無涯，周誥殷盤，佶屈聱牙。」紛亂的樣子。素問．卷十．瘧論：「無刺渾渾之脈，無刺漉漉之汗。」
渾渾,gǔn gǔn,  ㄍㄨㄣˇ ㄍㄨㄣˇ,水流暢盛的樣子。荀子．富國：「下得地利，中得人和，則財貨渾渾如泉源。」昏昧無知的樣子。北周．庾信．小園賦：「諒天造兮昧昧，嗟生民兮渾渾。」純樸。漢．揚雄．法言．問神：「虞夏之書渾渾爾，商書灝灝爾。」大的樣子。唐．韓愈．進學解：「上規姚姒，渾渾無涯，周誥殷盤，佶屈聱牙。」紛亂的樣子。素問．卷十．瘧論：「無刺渾渾之脈，無刺漉漉之汗。」
渾渾,gǔn gǔn,  ㄍㄨㄣˇ ㄍㄨㄣˇ,水流暢盛的樣子。荀子．富國：「下得地利，中得人和，則財貨渾渾如泉源。」昏昧無知的樣子。北周．庾信．小園賦：「諒天造兮昧昧，嗟生民兮渾渾。」純樸。漢．揚雄．法言．問神：「虞夏之書渾渾爾，商書灝灝爾。」大的樣子。唐．韓愈．進學解：「上規姚姒，渾渾無涯，周誥殷盤，佶屈聱牙。」紛亂的樣子。素問．卷十．瘧論：「無刺渾渾之脈，無刺漉漉之汗。」
軒軒,xuān xuān,ㄒㄩㄢ ㄒㄩㄢ,自得。新唐書．卷一六三．孔巢父傳：「戣自以適所志，軒軒甚得。」舞動。淮南子．道應：「見一士焉，深目而玄鬢，淚注而鳶肩，豐上而殺下，軒軒然方迎風而舞。」光彩煥發。南朝宋．劉義慶．世說新語．容止：「海西時，諸公每朝，朝堂猶暗；唯會稽王來，軒軒如朝霞舉。」
徐徐,xú xú,ㄒㄩˊ ㄒㄩˊ,安穩的樣子。莊子．應帝王：「泰氏其臥徐徐，其覺于于。」唐．蕭穎士．江有楓詩：「君子居焉，惟以宴醑，其樂徐徐。」近緩緩遲緩的樣子。三國演義．第三回：「卓待百官到了，然後徐徐到園門下馬，帶劍入席。」反急急、急速
奄奄,yān yān,ㄧㄢ ㄧㄢ,氣息微弱將絕。初刻拍案驚奇．卷十二：「老夫婦只生得此女，自從失去，幾番哭絕，至今奄奄不欲生。」
斐斐,fěi fěi,ㄈㄟˇ ㄈㄟˇ,文采華美的樣子。晉．傅玄．棗賦：「斐斐素華，離離朱實。」輕飄的樣子。史記．卷一一七．司馬相如傳：「郁郁斐斐，眾香發越。」
嶷嶷,nì nì,ㄋㄧˋ ㄋㄧˋ,高峻魁梧的樣子。史記．卷一．五帝本紀：「其色郁郁，其德嶷嶷。」唐．韓愈．歐陽生哀辭：「氣醇以方，容貌嶷嶷然。」
夔夔,kuí kuí,ㄎㄨㄟˊ ㄎㄨㄟˊ,敬謹恐懼的樣子。孟子．萬章上：「祗載見瞽瞍，夔夔齋栗。」
熒熒,yíng yíng,ㄧㄥˊ ㄧㄥˊ,光豔的樣子。史記．卷四十三．趙世家：「美人熒熒兮，顏若苕之榮。」文選．宋玉．高唐賦：「玄木冬榮，煌煌熒熒。」閃動的樣子。漢．秦嘉．贈婦詩：「飄飄帷帳，熒熒華燭。」唐．杜牧．阿房宮賦：「明星熒熒，開妝鏡也。」微弱的樣子。明．歸有光．先妣事略：「孺人之吳家橋，則治木綿，入則，則緝纑，燈火熒熒，每至夜分。」
錄錄,NA,NA,"NA"
諾諾,nuò nuò,ㄋㄨㄛˋ ㄋㄨㄛˋ,連聲答應的聲音。表示順從。史記．卷六十八．商君傳：「千人之諾諾，不如一士之諤諤。」樂府詩集．卷七十三．雜曲歌辭十三．古辭．焦仲卿妻：「媒人下床去，諾諾復爾爾。」
汶汶,NA,NA,"NA"
皓皓,hào hào,ㄏㄠˋ ㄏㄠˋ,潔白的樣子。詩經．唐風．揚之水：「揚之水，白石皓皓。」曠達的樣子。大戴禮記．衛將軍文子：「常以皓皓，是以眉壽，是曾參之行也。」廣大的樣子。史記．卷二十九．河渠書：「瓠子決兮將奈何？皓皓旰旰兮閭殫為河！」光明的樣子。漢．揚雄．法言．淵騫：「明星皓皓，華藻之力也與。」
窈窈,yǎo yǎo,ㄧㄠˇ ㄧㄠˇ,深遠、幽暗。莊子．在宥：「至道之精，窈窈冥冥。」文選．司馬相如．長門賦：「浮雲鬱而四塞兮，天窈窈而晝陰。」亦作「杳杳」。
昧昧,mèi mèi,ㄇㄟˋ ㄇㄟˋ,昏暗不明。楚辭．屈原．九章．懷沙：「進路北次兮，日昧昧其將暮。」渺茫。北周．庾信．小園賦：「諒天造兮昧昧，嗟生民兮渾渾。」深思。書經．秦誓：「我皇多有之，昧昧我思之。」
曖昧,ài mèi,ㄞˋ ㄇㄟˋ,含混不清、幽暗不明。晉書．卷三十四．杜預傳：「臣心實了，不敢以曖昧之見，自取後累。」近含糊反明白、明朗行為不光明磊落，有不可告人的隱私。如：「他們之間似乎有曖昧的行為存在。」
漂漂,piāo piāo,ㄆㄧㄠ ㄆㄧㄠ,高飛的樣子。文選．賈誼．弔屈原文：「鳳漂漂其高逝兮，固自引而遠去。」漂浮流去。呂氏春秋．慎行論．求人：「沸水漂漂，九陽之山。」唐．杜甫．嚴氏溪放歌行：「天下甲馬未盡銷，豈免溝壑常漂漂。」
嗚嗚,wū wū,ㄨ ㄨ,形容歡唱、呼叫的聲音。史記．卷八十七．李斯傳：「夫擊甕、叩缶、彈箏、搏髀，而歌呼嗚嗚快耳者，真秦之聲也。」形容低沉、幽怨的聲音。宋．蘇軾．赤壁賦：「其聲嗚嗚然，如怨如慕，如泣如訴。」狀聲詞。形容汽笛的聲音。如：「汽笛嗚嗚的響起，船就要開了。」
嘔嘔,xū xū,ㄒㄩ ㄒㄩ,和悅的樣子。史記．卷九十二．淮陰侯傳：「項王見人恭敬慈愛，言語嘔嘔。」
悛悛,quān quān,ㄑㄩㄢ ㄑㄩㄢ,敦厚篤實的樣子。史記．卷一○九．李將軍傳：「余睹李將軍悛悛如鄙人，口不能道辭。」
軋軋,yà yà,ㄧㄚˋ ㄧㄚˋ,狀聲詞：(1)​ 形容車行的聲音。宋．劉克莊．運糧行：「縣符旁午催調發，大車小車聲軋軋。」元．劉秉忠．駝車行詩：「駝頂丁當響巨鈴，萬車軋軋一齊鳴。」(2)​ 形容紡織機的聲音。清．蔣士銓．鳴機夜課圖記：「母手任操作，口授句讀，咿唔之聲，與軋軋相間。」(3)​ 形容船櫓聲。儒林外史．第五十一回：「那婦人不見鳳四老爹解衣，耳朵裡卻聽得軋軋的櫓聲。」(4)​ 形容飛機的響聲。
軫軫,zhěn zhěn,ㄓㄣˇ ㄓㄣˇ,盛多的樣子。文選．王融．三月三日曲水詩序：「轟轟隱隱，紛紛軫軫，羌難得而稱計。」南朝梁．王僧孺．落日登高詩：「軫軫河梁上，紛紛渭橋下。」
林林,NA,NA,"NA"
熊熊,xióng xióng,ㄒㄩㄥˊ ㄒㄩㄥˊ,火光旺盛的樣子。山海經．西山經：「南望昆崙，其光熊熊，其氣魂魂。」如：「熊熊烈火，一下子就吞噬了他全部的家當。」氣勢壯盛的樣子。史記．卷八十一．廉頗藺相如傳．索隱述贊：「清飆凜凜，壯氣熊熊，各竭誠義，遞為雌雄。」唐．王光庭．奉和聖製送張說巡邊詩：「虎貔紛儗儗，河洛振熊熊。」
白白,bái bái,ㄅㄞˊ ㄅㄞˊ,平白無故的。京本通俗小說．志誠張主管：「王招宣初娶時，十分寵幸；後來只為一句話破綻些，失了主人之心，情愿白白裡把與人。」紅樓夢．第六十九回：「你還依我，將此劍斬了那妒婦，一同歸至警幻案下，聽其發落。不然，你則白白的喪命，且無人憐惜。」如：「白白挨罵。」無可奈何的。老殘遊記．第一回：「章伯一想，理路卻也不錯，便道：『依你該怎麼樣？難道白白地看他們死嗎？』」勞而無獲的。初刻拍案驚奇．卷二十九：「等了多時，並不見牆裡有些些聲響，……到第二晚、第三晚，又復如此。白白守了三個深夜，並無動靜。」毫無牽掛的。紅樓夢．第四回：「雨村聽了，大怒道：『豈有這樣放屁的事！打死人命，竟白白走了，再拿不來的。』」
師師,shī shī,ㄕ ㄕ,互相師法。書經．皋陶謨：「百僚師師，百工惟時。」文選．陸機．豪士賦：「高平師師，側目博陸之勢。」莊嚴肅敬的樣子。漢．賈誼．新書．卷六．容經：「容有四起，朝廷之容，師師然，翼翼然，整以敬。」漢．揚雄．法言．孝至：「麟之儀儀，鳳之師師，其至矣乎！」
犖犖,luò luò,ㄌㄨㄛˋ ㄌㄨㄛˋ,事理分明的樣子。史記．卷二十七．天官書：「越之亡，熒惑守斗；朝鮮之拔，星茀于河戍；兵征大宛，星茀招搖；此其犖犖大者。」光明磊落的樣子。唐．韓愈．代張籍與李浙東書：「惟閣下心事犖犖，與俗輩不同。」
怳怳,NA,NA,"NA"
恍恍,huǎng huǎng,ㄏㄨㄤˇ ㄏㄨㄤˇ,茫然迷糊的樣子。文選．班固．西都賦：「魂恍恍以失度，巡迴塗而下低。」
恍惚,huǎng hū,  ㄏㄨㄤˇ ㄏㄨ,隱約模糊，不可辨認。韓非子．忠孝：「恍惚之言，恬淡之學，天下之惑術也。」近模糊反明晰、清晰亦作「恍忽」。神志模糊不清。儒林外史．第五回：「新年不出門拜節，在家哽哽咽咽，不時哭泣，精神顛倒，恍惚不寧。」亦作「恍忽」。彷彿、好像。如：「滿天的星斗，恍惚鑽石般，閃爍著光芒。」
恍忽,huǎng hū,ㄏㄨㄤˇ ㄏㄨ,隱約模糊，不可辨認。文選．司馬相如．上林賦：「周覽泛觀，縝紛軋笏，芒芒恍忽，視之無端，察之無涯。」亦作「恍惚」。神志模糊不清。文選．宋玉．神女賦：「精神恍忽若有喜，紛紛擾擾，未知其意。」亦作「恍惚」。
慌惚,NA,NA,"NA"
嶈嶈,NA,NA,"NA"
焱焱,NA,NA,"NA"
焱悠,NA,NA,"NA"
崎嶷,NA,NA,"NA"
岐嶷,qí nì,ㄑㄧˊ ㄋㄧˋ,形容小孩才智出眾、聰明特異。晉書．卷九．簡文帝紀：「幼而岐嶷，為元帝所愛。」唐．李頎．送劉四詩：「愛君少岐嶷，高視白雲鄉。」
崎嶇,qí qū,ㄑㄧˊ ㄑㄩ,山路艱險峻峭，高低不平。文選．陶淵明．歸去來辭：「或命巾車，或棹孤舟，既窈窕以尋壑，亦崎嶇而經丘。」唐．李白．送友人入蜀詩：「見說蠶叢路，崎嶇不易行。」近高低、坎坷、凹凸反平坦、坦平比喻處境艱難。史記．卷三十四．燕召公世家：「燕外迫蠻貉，內措齊晉，崎嶇彊國之閒，最為弱小，幾滅者數矣。」宋．蘇軾．書黃子思詩集後：「唐末司空圖崎嶇兵亂之間，而詩文高雅，猶有承平之遺風。」
岐岐,NA,NA,"NA"
磑磑,NA,NA,"NA"
蔓蔓,NA,NA,"NA"
鈴鈴,NA,NA,"NA"
碌硞,NA,NA,"NA"
浸浸,NA,NA,"NA"
浸淫,jìn yín,ㄐㄧㄣˋ ㄧㄣˊ,浸漬、滲入。漢書．卷五十七．司馬相如傳下：「是以六合之內，八方之外，浸淫衍溢。」逐漸親附、漸次接近。文選．王襃．洞簫賦：「師襄嚴春不敢竄其巧兮，浸淫叔子遠其類。」唐．韓愈．送孟東野序：「其存而下者，孟郊東野始以其詩鳴，其高出魏晉，不懈而及於古，其他浸淫乎漢氏矣！」
爛爛,NA,NA,"NA"
爛漫,làn màn,ㄌㄢˋ ㄇㄢˋ,散亂、消散。莊子．在宥：「大德不同，而性命爛漫矣。」文選．司馬相如．上林賦：「牢落陸離，爛漫遠遷。」亦作「瀾漫」。光彩分布的樣子。文選．張衡．思玄賦：「爛漫麗靡，藐以迭逷。」近絢爛、絢麗亦作「爛熳」、「爛縵」。坦白光明、性情率真。如：「天真爛漫」。近活潑光彩煥發的樣子。南朝齊．謝朓．詠兔絲詩：「爛熳已萬條，連綿復一色。」元．關漢卿．蝴蝶夢．第二折：「你看那百花爛熳，春景融和。」亦作「爛漫」、「爛縵」。熟睡的樣子。唐．杜甫．彭衙行：「眾雛爛熳睡，喚起霑盤餐。」
爛熳,làn màn,ㄌㄢˋ ㄇㄢˋ,散亂、消散。莊子．在宥：「大德不同，而性命爛漫矣。」文選．司馬相如．上林賦：「牢落陸離，爛漫遠遷。」亦作「瀾漫」。光彩分布的樣子。文選．張衡．思玄賦：「爛漫麗靡，藐以迭逷。」近絢爛、絢麗亦作「爛熳」、「爛縵」。坦白光明、性情率真。如：「天真爛漫」。近活潑光彩煥發的樣子。南朝齊．謝朓．詠兔絲詩：「爛熳已萬條，連綿復一色。」元．關漢卿．蝴蝶夢．第二折：「你看那百花爛熳，春景融和。」亦作「爛漫」、「爛縵」。熟睡的樣子。唐．杜甫．彭衙行：「眾雛爛熳睡，喚起霑盤餐。」
活潑,huó pō,ㄏㄨㄛˊ ㄆㄛ,自然生動而不呆板。如：「她個性活潑，深具人緣。」、「這篇文章敘述生動活潑，頗受好評。」近靈活、活躍、生動反呆板、古板、拘束、沉靜、死板、嚴肅、文靜化學上指元素或化合物易與其他物質產生化學變化的性質。
潑潑,NA,NA,"NA"
訩訩,NA,NA,"NA"
詾詾,NA,NA,"NA"
匈匈,xiōng xiōng,ㄒㄩㄥ ㄒㄩㄥ,喧嘩、吵嚷。莊子．在宥：「自三代以下者，匈匈焉，終以賞罰為事，彼何暇安其性命之情哉！」漢書．卷六十五．東方朔傳：「天不為人之惡寒而輟其冬，地不為人之惡險而輟其廣，君子不為小人之匈匈而易其行。」動亂不安。史記．卷七．項羽本紀：「天下匈匈數歲者，徒以吾兩人耳，願與漢王挑戰決雌雄，毋徒苦天下之民父子為也。」南史．卷七十．循吏傳．沈瑀傳：「不然人情匈匈，皆思改計；若不早圖，眾散難合。」
輷輷,NA,NA,"NA"
轟轟,hōng hōng,ㄏㄨㄥ ㄏㄨㄥ,狀聲詞：(1)​ 形容喧擾聲。唐．韓愈．此日足可惜贈張籍詩：「飲食豈知味，絲竹徒轟轟。」(2)​ 形容群車並行的聲音。如：「戰車轟轟的經過。」(3)​ 形容水聲。唐．韓愈．貞女峽詩：「懸流轟轟射水府，一瀉百里翻雲濤。」(4)​ 形容震耳的巨響，如雷聲、炮聲等。如：「炮聲轟轟的響起來了。」盛大的樣子。如：「轟轟烈烈的事業」。
輷輘,NA,NA,"NA"
輘輷,NA,NA,"NA"
輘轢,líng lì,ㄌㄧㄥˊ ㄌㄧˋ,傾軋欺壓。漢書．卷五十二．灌夫傳：「輘轢宗室，侵犯骨肉。」或作「轔轢」、「凌轢」、「陵轢」。
轔轢,lín lì,ㄌㄧㄣˊ ㄌㄧˋ,車輪輾過。史記．卷一一七．司馬相如傳：「徒車之所轔轢，乘騎之所蹂若。」欺凌。隋書．卷七十五．儒林傳．何妥傳：「曹魏祖不識北辰，今復轔轢太史。」近踐踏亦作「凌轢」。
凌轢,líng lì,ㄌㄧㄥˊ ㄌㄧˋ,欺侮虐待。晏子春秋．內篇．諫上：「任之以力，凌轢天下，威戮無罪，崇尚勇力，不顧義理，是以桀紂以滅，殷夏以衰。」唐．李白．結客少年場行：「少年學劍術，凌轢白猿公。」或作「轔轢」、「陵轢」、「輘轢」、「躪轢」。
陵轢,líng lì,ㄌㄧㄥˊ ㄌㄧˋ,欺陵、壓倒。史記．卷十．孝文本紀：「令不得居其故，陵轢邊吏，入盜。」亦作「凌轢」。
凌厲,líng lì,ㄌㄧㄥˊ ㄌㄧˋ,上升、高飛。唐．李白．答高山人兼呈權顧二侯詩：「雙萍易飄轉，獨鶴思凌厲。」宋．蘇泂．雨中花．十載尊前詞：「盡期君凌厲，羽翮高秋。」形容豪氣干雲，奮行直前。晉．陶淵明．詠荊軻詩：「凌厲越萬里，逶迤過千城。」明史．卷二二六．海瑞傳：「下令飆發凌厲，所司惴惴奉行，豪有力者至竄他郡以避。」反微弱
沾沾,NA,NA,"NA"
嘄嘄,NA,NA,"NA"
芬氳,NA,NA,"NA"
氛氳,NA,NA,"NA"
淋淋,lín lín,ㄌㄧㄣˊ ㄌㄧㄣˊ,水往下滴的樣子。文選．枚乘．七發：「其始起也，洪淋淋焉，若白鷺之下翔。」或作「淋漉」。狀聲詞。形容雨水滑落的聲音。三國．魏．曹植．曹子建集．卷三．愁霖賦：「瞻玄雲之晻晻兮，聽長空之淋淋。」
蒼莽,cāng mǎng,ㄘㄤ ㄇㄤˇ,郊野景色看不清的樣子。聊齋志異．卷三．夜叉國：「開眼至一處，深山蒼莽。」
喃喃,nán nán,ㄋㄢˊ ㄋㄢˊ,狀聲詞：(1)​ 形容低聲說話的聲音。如：「喃喃細語」。元．楊訥．西游記．第十三齣：「吃得醉薰酣，語喃喃。」(2)​ 形容讀書的聲音。全唐詩．卷八○六．寒山詩：「仙書一兩卷，樹下讀喃喃。」
呶呶,náo náo,ㄋㄠˊ ㄋㄠˊ,形容說起話來沒完沒了、喧嚷不停。唐．柳宗元．答韋中立論師道書：「豈可使呶呶者早暮咈吾耳，騷吾心，則固僵仆煩憒，逾不可過矣。」
撓挑,NA,NA,"NA"
橈橈,NA,NA,"NA"
譊譊,náo náo,ㄋㄠˊ ㄋㄠˊ,爭辯聲。漢．揚雄．法言．寡見：「譊譊者，天下皆訟也。」怒叫聲。漢．無名氏．孤兒行：「里中一何譊譊，願欲寄尺書，將與地下父母，兄嫂難與久居！」
淖約,NA,NA,"NA"
忸怩,niǔ ní,ㄋㄧㄡˇ ㄋㄧˊ,慚愧難為情或不大方的樣子。後漢書．卷六十下．蔡邕傳：「公子仰首降階，忸怩而避。」聊齋志異．卷一．瞳人語：「士人忸怩，吃吃而言。」近忸捏、慚愧亦作「忸捏」。
泥泥,NA,NA,"NA"
薿薿,nǐ nǐ,ㄋㄧˇ ㄋㄧˇ,草木茂盛的樣子。詩經．小雅．甫田：「今適南畝，或耘或耔，黍稷薿薿。」唐．柳宗元．禮部賀嘉禾及芝草表：「既呈薿薿之祥，更睹煌煌之秀。」亦作「儗儗」。
膩細,NA,NA,"NA"
涊涊,NA,NA,"NA"
裊裊,NA,NA,"NA"
裊娜,NA,NA,"NA"
囁嚅,niè rú,ㄋㄧㄝˋ ㄖㄨˊ,有話想說又不敢說，吞吞吐吐的樣子。唐．韓愈．送李愿歸盤谷序：「足將進而趦趄，口將言而囁嚅。」初刻拍案驚奇．卷三十：「太守幾番要問他，囁嚅數次，不敢輕易開口。」亦作「囁囁嚅嚅」。
蘖卼,NA,NA,"NA"
杌隉,NA,NA,"NA"
杌杌,NA,NA,"NA"
鸋鴂,NA,NA,"NA"
濘溺,NA,NA,"NA"
嘔啞,ōu yā,ㄡ ㄧㄚ,狀聲詞：(1)​ 形容小兒學語聲。唐．白居易．念金鑾子詩二首之一：「況念夭札時，嘔啞初學語。」(2)​ 形容管樂聲。唐．杜牧．阿房宮賦：「管絃嘔啞，多於市人之言語。」(3)​ 形容鳥鳴聲。宋．歐陽修．贈無為軍李道士詩二首之二：「李師一彈鳳皇聲，空山百鳥停嘔啞。」(4)​ 形容車輪滾動聲。唐．曹鄴．四怨詩之四：「手推嘔啞車，朝朝暮暮耕。」(5)​ 形容船櫓聲。唐．胡宿．趙宗道歸輦下詩：「江浦嘔啞風送櫓，河橋勃翠柳垂堤。」宋．陸游．鷓鴣天．嬾向青門學種瓜詞：「歌縹緲，艣嘔啞，酒如清露鮓如花。」或作「嘔軋」。
嘔軋,NA,NA,"NA"
嘔嘔,xū xū,ㄒㄩ ㄒㄩ,和悅的樣子。史記．卷九十二．淮陰侯傳：「項王見人恭敬慈愛，言語嘔嘔。」
甌脫,NA,NA,"NA"
葩華,NA,NA,"NA"
爬沙,pá shā,ㄆㄚˊ ㄕㄚ,爬行。宋．楊萬里．和蕭判官東夫韻寄之詩：「尚策爬沙追歷塊，未甘直作水中鳧。」元．張憲．聽雪齋詩：「撲紙春蟲亂，爬沙夜蟹行。」亦作「扒沙」、「杷沙」。
徘徊,pái huái,ㄆㄞˊ ㄏㄨㄞˊ,來回走動。聊齋志異．卷二．嬰寧：「坐臥徘徊，自朝至於日昃，盈盈望斷，並忘飢渴。」儒林外史．第五十一回：「望見那晚煙漸散，水光裡月色漸明，徘徊了一會兒，復身上船來安歇。」近盤桓、彷徨、徬徨、逗留、躑躅、倘佯、徜徉亦作「裴回」。流連。文選．宋玉．風賦：「邸華葉而振氣，徘徊于桂椒之間。」唐．李白．月下獨酌詩：「我歌月徘徊，我舞影零亂。」亦作「裴回」。縈繞。文選．古詩十九首．西北有高樓：「清商隨風發，中曲正徘徊。」紛雜起落。晉．陶淵明．閒情賦：「于時畢昴盈軒，北風淒淒，烱烱不寐，眾念徘徊。」猶豫不決。薛仁貴征遼事略：「欲往南路，誠恐北有，欲往北行，誠恐南有，徘徊不已。」三國演義．第九回：「王允時在帝側，聞知此言，奏曰；『臣本為社稷計。事已至此，陛下不可惜臣，以誤國家。臣請下見二賊。』帝徘徊不忍。」
湃湃,pài pài,ㄆㄞˋ ㄆㄞˋ,波濤聲。宋．蘇軾．又次前韻贈賈耘老詩：「仙壇古洞不可到，空聽餘瀾鳴湃湃。」
媻姍,NA,NA,"NA"
媻珊,pán shān,ㄆㄢˊ ㄕㄢ,參差縱橫的樣子。亦作「媻姍」。膝行匍匐的樣子。亦作「媻姍」。
媻娑,NA,NA,"NA"
婆娑,pó suō,ㄆㄛˊ ㄙㄨㄛ,舞蹈的樣子。詩經．陳風．東門之枌：「子仲之子，婆娑其下。」儒林外史．第十一回：「嗅窗前寒梅數點，且任我俛仰以嬉；攀月中仙桂一枝，久讓人婆娑而舞。」盤旋、停留。文選．宋玉．神女賦：「既姽嫿於幽靜兮，又婆娑乎人間。」闌珊、舒展。北周．庾信．枯樹賦：「此樹婆娑，生意盡矣。」舒展。唐．姚合．遊陽河岸詩：「醉時眠石上，肢體自婆娑。」委婉曲折。文選．王襃．洞簫賦：「風鴻洞而不絕兮，優嬈嬈以婆娑。」茂盛的樣子。爾雅．釋木「如松柏曰茂」句下郭璞．注：「枝葉婆娑。」淚光閃動的樣子。如：「淚眼婆娑」。
槃礡,NA,NA,"NA"
盤桓,pán huán,ㄆㄢˊ ㄏㄨㄢˊ,徘徊、留連不前。文選．陶淵明．歸去來辭：「景翳翳以將入，撫孤松而盤桓。」近徘徊觀望。文選．李密．陳情表：「今臣亡國賤俘，至微至陋，過蒙拔擢，寵命優渥，豈敢盤桓，有所希冀。」逗留。元．王實甫．西廂記．第一本．第一折：「（聰云）​小僧取鑰匙，開了佛殿、鐘樓、塔院、羅漢堂、香積廚，盤桓一會，師父敢待回來。」老殘遊記．第四回：「步行在街上游玩了一會兒，又在古玩店裡盤桓些時。」近逗留廣大的樣子。文選．陸機．擬古詩十二首．擬青青陵上柏：「名都一何綺，城闕鬱盤桓。」呂延濟．注：「盤桓，廣大貌。」意氣風發的樣子。南朝梁．劉勰．文心雕龍．書記：「楊惲之酬會宗，子雲之答劉歆，志氣槃桓，各含殊采。」
盤薄,pán bó,ㄆㄢˊ ㄅㄛˊ,廣大無邊。清．嚴復．甲辰出都呈同里諸公詩：「中國山川分兩戒，南嶺奔騰趨左海，東行欲盡未盡時，盤薄嶙峋作奇怪。」亦作「旁薄」。
磐桓,NA,NA,"NA"
磐辟,NA,NA,"NA"
磐礡,NA,NA,"NA"
磐薄,NA,NA,"NA"
蹣跚,pán shān,ㄆㄢˊ ㄕㄢ,形容步伐不穩，歪歪斜斜的樣子。幼學瓊林．卷二．身體類：「足跛曰『蹣跚』。」反矯健或作「盤跚」、「蹣跼」。旋行的樣子。唐．竇臮．述書賦：「婆娑蹣跚，綽約文質。」
蹣連,NA,NA,"NA"
蹣辟,NA,NA,"NA"
判換,NA,NA,"NA"
叛衍,NA,NA,"NA"
叛換,NA,NA,"NA"
泮汗,pàn hàn,ㄆㄢˋ ㄏㄢˋ,水流廣大。文選．左思．吳都賦：「潰渱泮汗，滇㴐淼漫。」揮汗。漢．桓寬．鹽鐵論．散不足：「百姓或旦暮不贍，蠻夷或厭酒肉，黎民泮汗力作。」
滂沛,pāng pèi,ㄆㄤ ㄆㄟˋ,水流廣遠。楚辭．劉向．九歎．逢紛：「譬彼流水，紛揚礚兮；波逢洶涌，濆滂沛兮。」文選．左思．吳都賦：「出乎大荒之中，行乎東極之外，經扶桑之中林，包湯谷之滂沛，潮波汨起，迴復萬里。」雨勢盛大的樣子。漢書．卷八十七．揚雄傳上：「雲飛揚兮雨滂沛，于胥德兮麗萬世。」或作「滂霈」。形容氣勢盛大充沛。文選．陸機．文賦：「函綿邈於尺素，吐滂沛乎寸心。」
滂沱,pāng tuó,ㄆㄤ ㄊㄨㄛˊ,雨勢盛大的樣子。詩經．小雅．漸漸之石：「月離于畢，俾滂沱矣。」唐．白居易．蝦蟇詩：「六月七月交，時雨正滂沱。」近滂湃、傾盆淚多的樣子。詩經．陳風．澤陂：「寤寐無為，涕泗滂沱。」晉．張華．輕薄篇詩：「念此腸中悲，涕下自滂沱。」盛流的樣子。抱朴子．道意：「遠近翕然，同來請福，常車馬填溢，酒肉滂沱。」
滂濞,pāng pì,ㄆㄤ ㄆㄧˋ,水流沖擊的聲音。文選．司馬相如．上林賦：「棋流逆折，轉騰潎洌，滂濞沆溉。」雨水多的樣子。漢書．卷五十七．司馬相如傳下：「貫列缺之倒景兮，涉豐隆之滂濞。」
徬徨,páng huáng,ㄆㄤˊ ㄏㄨㄤˊ,徘徊不前。文選．古詩十九首．明月何皎皎：「出戶獨彷徨，愁思當告誰。」近徘徊、徬徨、猶豫亦作「旁皇」、「傍偟」、「徬徨」。翱翔。莊子．逍遙遊：「彷徨乎無為其側，逍遙乎寢臥其下。」徘徊不前。初刻拍案驚奇．卷四：「崔生疑心有甚姦情事了，不勝忿怒，遂走出堂前，走來走去，正自徬徨。」近徘徊、彷徨亦作「彷徨」。
傍偟,páng huáng,ㄆㄤˊ ㄏㄨㄤˊ,徘徊不前。史記．卷八十六．刺客傳．荊軻傳：「聞其家堂上客擊筑，傍偟不能去。」亦作「彷徨」。
旁魄,páng pò,ㄆㄤˊ ㄆㄛˋ,廣大無邊、充塞混同。荀子．性惡：「齊給便敏而無類，雜能旁魄而無用。」楊倞．注：「旁魄，廣博也。」亦作「旁薄」。
磅礴,pāng bó,ㄆㄤ ㄅㄛˊ,廣大無邊，混同充塞。晉．陸機．挽歌詩三首之三：「磅礴立四極，穹隆放蒼天。」宋．陳亮．水調歌頭．不見南師久詞：「千古英靈安在，磅礴幾時通？」亦作「旁薄」。
磅唐,NA,NA,"NA"
膀胱,páng guāng,ㄆㄤˊ ㄍㄨㄤ,泌尿系統中儲尿的器官。為肌肉與膜質形成的囊，呈卵圓形，位於骨盤腔的前方，腹腔的下方。或稱為「尿胞」、「尿脬」。
逄逄,NA,NA,"NA"
龐龐,páng páng,ㄆㄤˊ ㄆㄤˊ,強盛充實的樣子。詩經．小雅．車攻：「四牡龐龐，駕言徂東。」太平御覽．卷九○九．獸部．狐：「於是塗山人歌曰：『綏綏白狐，九尾龐龐，成子家室，我都彼昌。』」
咆哮,páo xiāo,  ㄆㄠˊ ㄒㄧㄠ,野獸的怒吼。唐．常建．空靈山應田叟詩：「日入聞虎鬥，空山滿咆哮。」三國演義．第三回：「果然那馬渾身上下，火炭般赤，無半根雜毛；從頭至尾，長一丈；從蹄至項，高八尺；嘶喊咆哮，有騰空入海之狀。」近怒吼、狂嗥、吼怒形容人在激怒時的吼叫。如：「大聲咆哮」、「咆哮如雷」。近怒吼、狂嗥、吼怒形容人氣勢勇猛剛健的樣子。抱朴子．外篇．清鑒：「咆哮者不必勇，淳淡者不必怯。」唐．白居易．漢高祖斬白蛇賦：「一呼而猛氣咆哮，再叱而雄姿抑揚。」
炰烋,páo xiāo,ㄆㄠˊ ㄒㄧㄠ,氣勢剛健驕傲。詩經．大雅．蕩：「咨女殷商，女炰烋于中國，斂怨以為德。」
泡溲,NA,NA,"NA"
培塿,pǒu lǒu,ㄆㄡˇ ㄌㄡˇ,小土山。唐．柳宗元．始得西山宴游記：「然後知是山之特立，不與培塿為類。」或作「部婁」。
裴徊,NA,NA,"NA"
旆旆,pèi pèi,ㄆㄟˋ ㄆㄟˋ,旗旒下垂的樣子。詩經．小雅．出車：「彼旟旐斯，胡不旆旆。」毛亨．傳：「旆旆，旒垂貌。」形容草木植物生長茂盛的樣子。詩經．大雅．生民：「荏菽旆旆，禾役穟穟。」孔穎達．正義：「其旆旆、穟穟、幪幪，皆言生長茂盛之貌。」亦作「肺肺」、「芾芾」。
噴薄,pēn bó,ㄆㄣ ㄅㄛˊ,噴射湧起。如：「錢塘潮，海濤噴薄，氣象萬千，每每吸引無數遊客。」
怦怦,pēng pēng,ㄆㄥ ㄆㄥ,心動的樣子。文明小史．第十九回：「賈葛民聽了怦怦心動。心想我們弟兄三人，雖然都已定親，幸虧都還沒有過門，不曉得長得面貌如何？」忠直的樣子。楚辭．宋玉．九辯：「私自憐兮何極，心怦怦兮諒直。」
澎湃,pēng pài,ㄆㄥ ㄆㄞˋ,波濤相衝擊的聲音或氣勢。文明小史．第五十三回：「華嚴上更有一樁奇景，就是瀑布，有二千多丈寬，七十多丈長，望上去煙雲繚繞，底下漭騰澎湃，有若雷鳴。」清．呂碧城．瑞鶴仙．瘴風寬蕙帶詞：「戰松林萬翠鳴秋，併作怒濤澎湃。」近滂澎、汹湧亦作「彭湃」。比喻聲勢浩大，氣勢壯闊。如：「思湧澎湃」、「勢情澎湃」。亦作「彭湃」。
澎濞,pēng pì,ㄆㄥ ㄆㄧˋ,狀聲詞。形容水聲。文選．馬融．長笛賦：「爭湍苹縈，汩活澎濞。」
砰砰,pēng pēng,ㄆㄥ ㄆㄥ,狀聲詞。形容敲門、槍炮、擊鼓等聲音。晉．陸機．鼓吹賦：「鼓砰砰以輕投，簫嘈嘈而微吟。」
硼磕,NA,NA,"NA"
硼隱,NA,NA,"NA"
彭彭,NA,NA,"NA"
膨脝,péng hēng,ㄆㄥˊ ㄏㄥ,膨脹的樣子。廣韻．平聲．庚韻：「膨脝，脹貌。」
芃芃,péng péng,ㄆㄥˊ ㄆㄥˊ,繁茂的樣子。詩經．鄘風．載馳：「我行其野，芃芃其麥。」
蓬蓬,péng péng,ㄆㄥˊ ㄆㄥˊ,茂盛的樣子。詩經．小雅．采菽：「維柞之枝，其葉蓬蓬。」
蓬勃,péng bó,ㄆㄥˊ ㄅㄛˊ,旺盛繁榮的樣子。如：「蓬勃發展」、「朝氣蓬勃」。近煥發、興盛反衰落、萎縮
蓬茸,péng róng,ㄆㄥˊ ㄖㄨㄥˊ,草木茂盛的樣子。文選．張衡．西京賦：「苯䔿蓬茸，彌皋被岡。」
伾伾,pī pī,ㄆㄧ ㄆㄧ,形容有力的樣子。詩經．魯頌．駉：「有騂有騏，以車伾伾。」
披靡,pī mǐ,ㄆㄧ ㄇㄧˇ,草木隨風散亂傾倒的樣子。史記．卷一一七．司馬相如傳：「應風披靡，吐芳揚烈。」初刻拍案驚奇．卷三十：「川嶽為之震動，草木盡是披靡。」潰敗逃散的樣子。史記．卷七．項羽本紀：「於是項王大呼馳下，漢軍皆披靡，遂斬漢一將。」
狉狉,pī pī,ㄆㄧ ㄆㄧ,群獸走動、奔馳的樣子。唐．柳宗元．封建論：「草木榛榛，鹿豕狉狉。」
霹靂,pī lì,ㄆㄧ ㄌㄧˋ,急而響的雷。唐．王維．老將行：「漢兵奮迅如霹靂，虜騎奔騰畏蒺藜。」紅樓夢．第一回：「士隱意欲也跟了過去，方舉步時，忽聽一聲霹靂，有若山崩地陷。」近霹雷、轟隆亦稱為「落雷」。
駓駓,NA,NA,"NA"
髬髵,NA,NA,"NA"
濞濞,NA,NA,"NA"
濞濞,NA,NA,"NA"
潎潎,NA,NA,"NA"
潎洌,NA,NA,"NA"
睥睨,bì nì,ㄅㄧˋ ㄋㄧˋ,斜著眼睛看人，表示傲然輕視或不服氣的意思。近顧盼、傲視亦作「俾倪」。古代城牆上的矮牆。唐．盧綸．九日奉陪侍郎登白樓詩：「睥睨三層連步障，茱萸一朵映華簪。」唐．柳宗元．小石城山記：「其上為睥睨梁欐之形，其旁出堡塢，有若門焉。」亦作「俾倪」、「埤堄」。窺伺。即暗中觀望動靜，等待下手機會。北齊．顏之推．顏氏家訓．誡兵：「睥睨宮閫，幸災樂禍。」五代史平話．漢史．卷上：「惜乎天道好還，得國之後，坐席未溫，而郭威睥睨其間，已挈漢鼎而為周矣。」
埤堄,bì ní,  ㄅㄧˋ ㄋㄧˊ,古時城牆上的矮牆。廣雅．釋宮：「埤堄，堞，女牆也。」亦作「俾倪」、「睥睨」。城上呈凹凸形而有射孔的矮牆。唐．李德裕．懷崧樓記：「此地舊隱曲軒，傍施埤堄，竹樹陰合，簷檻晝昏。」或作「埤倪」。
翩翩,piān piān,ㄆㄧㄢ ㄆㄧㄢ,鳥輕飛的樣子。文選．曹植．贈白馬王彪詩：「歸鳥赴喬林，翩翩厲羽翼。」唐．白居易．燕詩示劉叟詩：「梁上有雙燕，翩翩雄與雌。」行動輕快的樣子。楚辭．屈原．九歌．湘君：「石瀨兮淺淺，飛龍兮翩翩。」唐．白居易．新樂府．賣炭翁：「兩騎翩翩來是誰？黃衣使者白衫兒。」如：「翩翩起舞」。往來的樣子。文選．左思．吳都賦：「其鄰則有任俠之靡，輕訬之客，締交翩翩，儐從弈弈。」亦作「幡幡」。自得自喜的樣子。文選．張華．鷦鷯賦：「翩翩然，有以自樂也。」形容文采風流的樣子。文選．曹丕．與吳質書：「元瑜書記翩翩，致足樂也。」形容舉止灑脫的樣子。初刻拍案驚奇．卷三十四：「在門縫裡窺看，只見聞人生逸致翩翩，有出塵之態。」
翩飄,NA,NA,"NA"
㛹娟,NA,NA,"NA"
蹁躚,pián xiān,ㄆㄧㄢˊ ㄒㄧㄢ,形容儀態曼妙。紅樓夢．第五回：「寶玉聽了，是女子的聲音。歌音未息，早見那邊走出一個人來，蹁躚嬝娜，端的與人不同。」旋舞的樣子。宋．蘇軾．後赤壁賦：「夢一道士，羽衣蹁躚。」紅樓夢．第二十七回：「（寶釵）​剛要尋別的姊妹去，忽見前面一雙玉色蝴蝶，大如團扇，一上一下，迎風蹁躚，十分有趣。」
嫖姚,piāo yáo,ㄆㄧㄠ ㄧㄠˊ,矯捷強勁。宋．楊萬里．澹庵坐上觀顯上人分茶詩：「銀瓶首下仍尻高，注湯作字勢嫖姚。」或作「票姚」、「票鷂」、「剽姚」、「驃姚」。漢代對將軍的稱號。如漢霍去病曾為嫖姚校尉。或作「票姚」、「票鷂」、「剽姚」、「驃姚」。
彯彯,NA,NA,"NA"
飄飄,piāo piāo,ㄆㄧㄠ ㄆㄧㄠ,風吹的樣子。文選．陶淵明．歸去來辭：「舟搖搖以輕颺，風飄飄而吹衣。」輕舉飛揚。史記．卷一一七．司馬相如傳：「飄飄有淩雲之氣，似游天地之閒意。」飄泊不定。唐．杜甫．旅夜書懷詩：「飄飄何所似，天地一沙鷗。」
飄搖,NA,NA,"NA"
漂然,piāo rán,ㄆㄧㄠ ㄖㄢˊ,高遠、崇高的樣子。漢．楊惲．報孫會宗書：「夫西河魏土，文侯所興，有段干木田子方之遺風；漂然皆有節概，知去就之分。」
票姚,piào yáo,ㄆㄧㄠˋ ㄧㄠˊ,矯捷強勁。亦作「嫖姚」。漢代對將軍的稱號。亦作「嫖姚」。
縹緲,piǎo miǎo,ㄆㄧㄠˇ ㄇㄧㄠˇ,高遠隱忽而不明。唐．白居易．長恨歌：「忽聞海上有仙山，山在虛無縹緲間。」明．葉憲祖．易水寒．第二折：「縹緲層臺，勢凌空列星堪摘。」或作「漂渺」、「飄眇」、「飄渺」、「飄緲」、「瞟眇」、「縹眇」、「縹渺」。聲音清揚而長。儒林外史．第三十回：「歌聲縹緲，直入雲霄。」亦作「飄眇」。
螵蛸,piāo xiāo,ㄆㄧㄠ ㄒㄧㄠ,螳螂卵簇聚之囊，長約寸許，大如拇指。
瞟眇,piǎo miǎo,ㄆㄧㄠˇ ㄇㄧㄠˇ,隱約不明的樣子。文選．王延壽．魯靈光殿賦：「忽瞟眇以響像，若鬼神之髣髴。」亦作「縹緲」。
僄狡,NA,NA,"NA"
瞥瞥,NA,NA,"NA"
瞥列,NA,NA,"NA"
瞥裂,NA,NA,"NA"
驞駍,NA,NA,"NA"
嚬呻,pín shēn,ㄆㄧㄣˊ ㄕㄣ,臉上痛苦的樣子。唐．韓愈．司徒兼侍中中書令許國公贈太尉韓公神道碑銘：「察其嚬呻，與其睨眴。」
嬪然,NA,NA,"NA"
頻煩,pín fán,ㄆㄧㄣˊ ㄈㄢˊ,屢次、頻頻。晉書．卷七十三．庾亮傳：「弱冠濯纓，沐浴芳風，頻煩省闥，出總六軍，十餘年間，位超先達。」一再煩勞。唐．杜甫．蜀相詩：「三顧頻煩天下計，兩朝開濟老臣心。」
娉婷,pīng tíng,ㄆㄧㄥ ㄊㄧㄥˊ,輕巧美好。漢．辛延年．羽林郎詩：「不意金吾子，娉婷過我廬。」明．劉兌．金童玉女嬌紅記：「妖嬈如太液池邊解語並頭花，娉婷似昭陽宮裡學舞的雙飛燕。」美女。唐．白居易．夜聞歌者詩：「獨倚帆檣立，娉婷十七八。」元．石君寶．秋胡戲妻．第三折：「一見了美貌娉婷，不由的我便動情。」
俜伶,NA,NA,"NA"
伶俜,líng pīng,ㄌㄧㄥˊ ㄆㄧㄥ,飄零孤單的樣子。樂府詩集．卷七十三．雜曲歌辭十三．古辭．焦仲卿妻：「晝夜勤作息，伶俜縈苦辛。」唐．杜甫．新安吏詩：「肥男有母送，瘦男獨伶俜。」
砯,NA,NA,"NA"
砯砯,NA,NA,"NA"
屏營,bīng yíng,ㄅㄧㄥ ㄧㄥˊ,惶恐。國語．吳語：「王親獨行，屏營仿偟於山林之中，三日乃見其涓人疇。」文選．李陵．與蘇武詩三首之一：「屏營衢路側，執手野踟躕。」
平平,píng píng,ㄆㄧㄥˊ ㄆㄧㄥˊ,普通、沒有特別之處。後漢書．卷四十七．班超傳：「我以班君當有奇策，今所言平平耳。」近平淡均等、公平。元．楊文奎．兒女團圓．楔子：「韓二你要他怎麼？都與這兩個孩兒罷，分的平平兒的也。」近平等
洴澼,NA,NA,"NA"
淜滂,pēng pāng,ㄆㄥ ㄆㄤ,狀聲詞。多用以形容水聲、風擊物聲。文選．宋玉．風賦：「飄忽淜滂，激颺熛怒。」李善．注：「淜滂，風擊物聲。」
淜湃,NA,NA,"NA"
苹苹,NA,NA,"NA"
苹縈,píng yíng,ㄆㄧㄥˊ ㄧㄥˊ,迴旋的樣子。文選．馬融．長笛賦：「爭湍苹縈，汨活澎濞。」
輣訇,NA,NA,"NA"
輣闐,NA,NA,"NA"
坡坨,NA,NA,"NA"
潑潑,NA,NA,"NA"
皤皤,pó pó,ㄆㄛˊ ㄆㄛˊ,頭髮白的樣子。漢書．卷一○○．敘傳下：「營平皤皤，立功立論，以不濟可，上諭其信。」後漢書．卷三十二．樊宏傳：「其餘以經術見優者，布在廊廟。故朝多皤皤之良，華首之老。」物豐多的樣子。文選．左思．魏都賦：「豐肴衍衍，行包皤皤。」
駊騀,pǒ ě,ㄆㄛˇ ㄜˇ,高大的樣子。文選．揚雄．甘泉賦：「崇丘陵之駊騀兮，深溝嶔巖而為谷。」形容心神蕩漾。唐．韓偓．多情詩：「酒蕩襟懹微駊騀，春牽情緒更融怡。」
魄,NA,NA,"NA"
僕僕,pú pú,ㄆㄨˊ ㄆㄨˊ,勞頓的樣子。如：「風塵僕僕」、「僕僕道途」。繁瑣的樣子。孟子．萬章下：「子思以為鼎肉，使已僕僕爾亟拜也，非養君子之道也。」
匍匐,pú fú,ㄆㄨˊ ㄈㄨˊ,手足伏地爬行。莊子．秋水：「不聞夫壽陵餘子之學行於邯鄲與？未得國能，又失其故行矣！直匍匐而歸耳。」明．馬中錫．中山狼傳：「先生伏質就地，匍匐以進。」近蒲伏、爬行、膝行亦作「匍伏」、「蒲伏」、「蒲服」。比喻急遽、盡力。詩經．邶風．谷風：「凡民有喪，匍匐救之。」文選．劉琨．答盧諶詩：「裹糧攜弱，匍匐星奔。」
葡伏,NA,NA,"NA"
葡服,NA,NA,"NA"
朴簌,NA,NA,"NA"
溥漠,NA,NA,"NA"
僛僛,qī qī,ㄑㄧ ㄑㄧ,形容人姿勢傾斜不能自正。詩經．小雅．賓之初筵：「亂我籩豆，屢舞僛僛。」
僛丑,NA,NA,"NA"
戚戚,qī qī,ㄑㄧ ㄑㄧ,相親。詩經．大雅．行葦：「戚戚兄弟，莫遠具爾。」文選．曹植．求通親表：「退省諸王，常有戚戚具爾之心。」憂懼。論語．述而：「君子坦蕩蕩，小人長戚戚。」晉．陶淵明．五柳先生傳：「不戚戚于貧賤，不汲汲于富貴。」內心有所感動的樣子。孟子．梁惠王上：「夫子言之，於我心有戚戚焉。」老殘遊記．第二回：「夢湘先生論得透闢極了，於我心有戚戚焉。」憂愁、悲傷。唐．韋應物．送楊氏女詩：「永日方慼慼，出門復悠悠。」
戚促,NA,NA,"NA"
戚草,NA,NA,"NA"
㩻䧢,NA,NA,"NA"
攲缺,NA,NA,"NA"
期期,qí qí,ㄑㄧˊ ㄑㄧˊ,約定的時間。左傳．僖公二十三年：「懷公命無從亡人，期期而不至，無赦。」西漢周昌有口吃，高祖欲廢太子，昌極力勸阻，說：「臣口不能言，然臣期期知其不可。陛下雖欲廢太子，臣期期不奉詔。」欲說「極」，因口吃而重複為「期期」。典出史記．卷九十六．張丞相傳。後用以形容人因口吃而發音困難，說話不流利。文史通義．內篇二．朱陸．書朱陸後篇：「凡人口談傾倒一席，身後書傳或反不如期期不能自達之人。」
棲遲,qī chí,ㄑㄧ ㄔˊ,游息。詩經．陳風．衡門：「衡門之下，可以棲遲。」延續。淮南子．俶真：「棲遲至於昆吾夏后之世。」拙劣。三國志．卷七．魏書．臧洪傳：「陳留克創兵之謀，謀計棲遲，喪忠孝之名。」滯留。唐．劉長卿．長沙過賈誼宅詩：「三年謫宦此棲遲，萬古惟留楚客悲。」飄泊失意。唐．李賀．致酒行：「零落棲遲一杯酒，主人奉觴客長壽。」宋．陸游．上鄭宣撫啟：「某流落無歸，棲遲可歎。」
棲棲,xī xī,ㄒㄧ ㄒㄧ,不安的樣子。論語．憲問：「丘何為是栖栖者與，無乃為佞乎。」晉．陶淵明．和劉柴桑詩：「栖栖世中事，歲月共相疏。」孤寂零落的樣子。宋．范成大．潺陵詩：「春草亦已瘦，栖栖晚花少。」四處奔走，無暇安居的樣子。詩經．小雅．六月：「六月棲棲，戎車既飭。」抱朴子．外篇．正郭：「而乃自西徂東，席不暇溫，欲慕孔墨棲棲之事。」
棲屑,qī xiè,ㄑㄧ ㄒㄧㄝˋ,往來奔波不定。北史．卷三十八．裴駿傳：「高尚之事，非敢庶幾，但京師遼遠，實憚於棲屑耳。」唐．杜甫．詠懷詩二首之一：「疲苶苟懷策，棲屑無所施。」
槭槭,NA,NA,"NA"
淒楚,qī chǔ,ㄑㄧ ㄔㄨˇ,淒涼悲苦。紅樓夢．第七十八回：「獨有寶玉一心淒楚，回至園中，猛然見池上芙蓉。想起小丫鬟說晴雯作了芙蓉之神，不覺又喜歡起來，乃看著芙蓉嗟歎了一會。」亦作「悽楚」。悽涼悲苦。漢．蔡琰．胡笳十八拍：「尋思涉歷兮多艱阻，四拍成兮益悽楚。」梁書．卷三十四．張緬傳：「在客行而多思，獨傷魂而悽楚。」亦作「淒楚」。
淒淒,qī qī,ㄑㄧ ㄑㄧ,烏雲密布，即將下雨的樣子。後漢書．卷六十一．左雄傳：「有渰淒淒，興雨祁祁。」亦作「萋萋」。淒涼寒冷的樣子。詩經．小雅．四月：「秋日淒淒，百卉具腓。」悲傷哀痛的樣子。楚辭．屈原．九章．悲回風：「涕泣交而淒淒兮，思不眠以至曙。」水流的樣子。全唐詩．卷八○七．拾得詩：「松拂盤陀石，甘泉涌淒淒。」淒涼悲痛。唐．柳宗元．柳州二月榕葉落盡偶題詩：「宦情羈思共悽悽，春半如秋意轉迷。」
萋萋,qī qī,ㄑㄧ ㄑㄧ,草茂盛的樣子。唐．崔顥．黃鶴樓詩：「晴川歷歷漢陽樹，春草萋萋鸚鵡洲。」唐．白居易．賦得古原草送別詩：「又送王孫去，萋萋滿別情。」烏雲密布，即將下雨的樣子。詩經．小雅．大田：「有渰萋萋，興雨祈祈。」亦作「淒淒」。
萋斐,NA,NA,"NA"
岐嶷,qí nì,ㄑㄧˊ ㄋㄧˋ,形容小孩才智出眾、聰明特異。晉書．卷九．簡文帝紀：「幼而岐嶷，為元帝所愛。」唐．李頎．送劉四詩：「愛君少岐嶷，高視白雲鄉。」
崎嶇,qí qū,ㄑㄧˊ ㄑㄩ,山路艱險峻峭，高低不平。文選．陶淵明．歸去來辭：「或命巾車，或棹孤舟，既窈窕以尋壑，亦崎嶇而經丘。」唐．李白．送友人入蜀詩：「見說蠶叢路，崎嶇不易行。」近高低、坎坷、凹凸反平坦、坦平比喻處境艱難。史記．卷三十四．燕召公世家：「燕外迫蠻貉，內措齊晉，崎嶇彊國之閒，最為弱小，幾滅者數矣。」宋．蘇軾．書黃子思詩集後：「唐末司空圖崎嶇兵亂之間，而詩文高雅，猶有承平之遺風。」
崎嶷,NA,NA,"NA"
碕礒,NA,NA,"NA"
祁祁,qí qí,ㄑㄧˊ ㄑㄧˊ,舒緩閒靜的樣子。詩經．召南．采蘩：「被之祁祁，薄言還歸。」文選．班固．東都賦．靈臺詩：「習習祥風，祁祁甘雨。」眾多的樣子。詩經．豳風．七月：「春日遲遲，采蘩祁祁。」文選．左思．魏都賦：「有客祁祁，載華載裔。」
祈祈,qí qí,ㄑㄧˊ ㄑㄧˊ,和順舒緩的樣子。詩經．小雅．大田：「有渰萋萋，興雨祈祈。」南朝梁．何遜．從主移西州寓直齋內霖雨不晴懷郡中遊聚詩：「祈祈寒枝動，濛濛秋雨駛。」
祺然,NA,NA,"NA"
契契,qì qì,ㄑㄧˋ ㄑㄧˋ,憂苦。詩經．小雅．大東：「契契寤歎，哀我憚人。」晉．陶淵明．閑情賦：「改所願而必違，徒契契以苦心。」
契闊,qiè kuò,ㄑㄧㄝˋ ㄎㄨㄛˋ,勤苦。文選．韋曜．博弈論：「勞神苦體，契闊勤思。」分離，相隔。詩經．邶風．擊鼓：「死生契闊，與子成說。」朱熹．集傳：「契闊，隔遠之意。」唐．薛調．無雙傳：「噫！人生之契闊會合多矣，罕有若斯之比。」久別的情懷。後漢書．卷八十一．獨行傳．范冉傳：「行路急卒，非陳契闊之所，可共到前亭宿息，以敘分隔。」
磧礫,qì lì,ㄑㄧˋ ㄌㄧˋ,水淺而露出砂石。抱朴子．喻蔽：「夫瓊瑤以寡為奇，磧礫以多為賤。」文選．左思．吳都賦：「翫其磧礫而不窺玉淵者，未知驪龍之所蟠也。」
磧歷,NA,NA,"NA"
嵌巖,qiàn yán,ㄑㄧㄢˋ ㄧㄢˊ,山洞。唐．盧照鄰．悲昔遊詩：「因嵌巖以為室，就芬芳以列筵。」
芊綿,qiān mián,ㄑㄧㄢ ㄇㄧㄢˊ,草木繁衍、茂盛的樣子。南朝宋．謝靈運．山居賦：「孤岸竦秀，長洲芊綿。」或作「千眠」、「阡眠」、「芊眠」。
芊眠,NA,NA,"NA"
芊芊,qiān qiān,ㄑㄧㄢ ㄑㄧㄢ,草木茂盛的樣子。清．孔尚任．桃花扇．第二十八齣：「只見黃鶯亂囀，人蹤悄悄，芳草芊芊。」亦作「仟仟」、「阡阡」。青碧的樣子。亦作「千千」。
謙謙,qiān qiān,ㄑㄧㄢ ㄑㄧㄢ,卑遜的樣子。漢書．卷八十五．谷永傳：「愚竊不為君侯喜。宜深辭職，自陳淺薄不足以固城門之守，攸太伯之讓，保謙謙之路，闔門高枕，為知者首。」後漢書．卷三．肅宗孝章帝紀：「深執謙謙，自稱不德，無起寑廟，掃地而祭，除日祀之法，省送終之禮，遂藏主於光烈皇后更衣別室。」
阡眠,NA,NA,"NA"
阡綿,NA,NA,"NA"
虔虔,qián qián,ㄑㄧㄢˊ ㄑㄧㄢˊ,恭敬的樣子。南朝宋．謝惠連．祭禹廟文：「呱呱弗顧，虔虔是欽。」宋．王禹偁．藉田賦：「萬國歡心而懌懌，百官供職以虔虔。」
淺淺,jiān jiān,ㄐㄧㄢ ㄐㄧㄢ,形容水流很急。楚辭．屈原．九歌．湘君：「石瀨兮淺淺，飛龍兮翩翩。」淺薄。漢．桓寬．鹽鐵論．論誹：「小人淺淺，面從以成人之過也。」
繾綣,qiǎn quǎn,ㄑㄧㄢˇ ㄑㄩㄢˇ,情意纏綿不忍分離的樣子。唐．元稹．會真詩三十韻：「留連時有限，繾綣意難終。」二刻拍案驚奇．卷十七：「兩個解衣就枕，魚水歡情，極其繾綣。」近綢繆、纏綿
歉歉,NA,NA,"NA"
蒨蒨,qiàn qiàn,ㄑㄧㄢˋ ㄑㄧㄢˋ,鮮明的樣子。唐．韓愈．庭楸詩：「夜月來照之，蒨蒨自生煙。」草茂盛的樣子。晉．湛方生．庭前植稻苗贊：「蒨蒨嘉苗，離離階側。」
嶈嶈,NA,NA,"NA"
搶攘,NA,NA,"NA"
槍欀,NA,NA,"NA"
瑲玲,NA,NA,"NA"
蹌蹌,qiāng qiāng,  ㄑㄧㄤ ㄑㄧㄤ,行步威儀的樣子。詩經．大雅．公劉：「蹌蹌濟濟，俾筵俾几。」飛舞、跳舞的樣子。書經．益稷：「笙鏞以間，鳥獸蹌蹌。」行走的樣子。文選．揚雄．羽獵賦：「啾啾蹌蹌，入西園，切神光。」走路有威儀的樣子。詩經．小雅．楚茨：「濟濟蹌蹌，絜爾牛羊，以往蒸嘗。」跳舞的樣子。書經．益稷：「笙鏞以間，鳥獸蹌蹌。」孔安國．傳：「鳥獸化德相率而舞，蹌蹌然。」飛奔跳躍的樣子。文選．揚雄．羽獵賦：「啾啾蹌蹌，入西園，切神光。」
蹡蹡,NA,NA,"NA"
鎗鎗,NA,NA,"NA"
鎗玲,NA,NA,"NA"
鏘鏘,qiāng qiāng,ㄑㄧㄤ ㄑㄧㄤ,狀聲詞：(1)​ 形容玉石撞擊聲。三國演義．第四十四回：「衣冠濟濟，劍佩鏘鏘，分班侍立。」(2)​ 形容鈴聲。詩經．大雅．韓奕：「百兩彭彭，八鸞鏘鏘。」漢．秦嘉．贈婦詩三首之三：「肅肅僕夫征，鏘鏘揚和鈴。」(3)​ 形容鳳凰和鳴聲。左傳．莊公二十二年：「鳳凰于飛，和鳴鏘鏘。」高聳巍峨的樣子。後漢書．卷五十九．張衡傳：「命琅掌策駟兮，踰高閣之鏘鏘。」行走的樣子。文選．左思．吳都賦：「出車檻檻，被練鏘鏘。」或作「蹡蹡」。
蹻蹻,jiǎo jiǎo,ㄐㄧㄠˇ ㄐㄧㄠˇ,勇壯的樣子。詩經．魯頌．泮水：「其馬蹻蹻，其音昭昭。」驕傲的樣子。詩經．大雅．板：「老夫灌灌，小子蹻蹻。」
憔悴,qiáo cuì,ㄑㄧㄠˊ ㄘㄨㄟˋ,枯槁瘦病的樣子。楚辭．屈原．漁父：「顏色憔悴，形容枯槁。」宋．歐陽修．蝶戀花．獨倚危樓風細細詞：「衣帶漸寬都不悔，為伊銷得人憔悴。」近乾癟、乾瘦、枯槁、枯瘠反豐滿、豐潤、煥發亦作「蕉萃」。憂患、煩惱。楚辭．劉向．九歎．怨思：「身憔悴而考旦兮，日黃昏而長悲。」元．武漢臣．玉壺春．第四折：「強風情不曉事，呆廝！誰著你將錢去買憔悴。」受困苦。孟子．公孫丑上：「民之憔悴於虐政，未有甚於此時者也。」近困苦
憔顇,NA,NA,"NA"
譙譙,qiáo qiáo,ㄑㄧㄠˊ ㄑㄧㄠˊ,羽毛散亂殘敝的樣子。詩經．豳風．鴟鴞：「予羽譙譙，予尾脩脩。」
巧老,NA,NA,"NA"
悄悄,qiǎo qiǎo,ㄑㄧㄠˇ ㄑㄧㄠˇ,憂愁的樣子。詩經．邶風．柏舟：「憂心悄悄，慍于群小。」近悄然寂靜的樣子。唐．白居易．西樓夜詩：「悄悄復悄悄，城隅隱林杪。」近默默、寂靜、靜靜不聲不響。儒林外史．第三十五回：「莊徵君悄悄寫了十幾封書子，打發人進京去遍託朝裡大老。」
愀愴,qiǎo chuàng,ㄑㄧㄠˇ ㄔㄨㄤˋ,憂愁、悲傷。三國．魏．嵇康．琴賦：「莫不憯懍慘悽，愀愴傷心。」
愜愜,NA,NA,"NA"
挈挈,qiè qiè,ㄑㄧㄝˋ ㄑㄧㄝˋ,急切的樣子。唐．柳宗元．答韋中立論師道書：「居長安，炊不暇熟，又挈挈而東。」
踥跌,NA,NA,"NA"
侵尋,qīn xún,ㄑㄧㄣ ㄒㄩㄣˊ,漸進。史記．卷十二．孝武本紀：「是歲，天子始巡郡縣，侵尋於泰山矣。」宋．蘇軾．代張方平諫用兵書：「遂使侵尋及於諸國，歲歲調發。」亦作「侵淫」。
嶔岑,qīn cén,ㄑㄧㄣ ㄘㄣˊ,山勢高險的樣子。楚辭．淮南小山．招隱士：「嶔岑碕礒兮，碅磳磈硊。」洪興祖．補注：「嶔岑，山高險也。」亦作「嶔崟」。
嶔崎,qīn qí,ㄑㄧㄣ ㄑㄧˊ,山勢險峻的樣子。漢．王延壽．王孫賦：「生深山之茂林，處嶄巖之嶔崎。」形容人有骨氣、品格卓越不凡。宋．秦觀．南都新亭行寄王子發詩：「亭下嶔崎淮海客，末路逢公詩酒共。」
欽欽,NA,NA,"NA"
駸駸,qīn qīn,ㄑㄧㄣ ㄑㄧㄣ,馬跑得很快的樣子。詩經．小雅．四牡：「駕彼四駱，載驟駸駸。」文選．阮籍．詠懷詩十七首之十七：「皋蘭被徑路，青驪逝駸駸。」比喻時間過得很快。南朝梁．簡文帝．納涼詩：「斜日晚駸駸，池塘生半陰。」宋．蘇軾．臨江仙．自古相從休務日詞：「淒風寒雨是駸駸，問囚長損氣，見鶴忽驚心。」形容事物日趨進步強大。宋．蘇洵．審勢：「秦自孝公，其勢已駸駸焉，日趨於強大。」老殘遊記．第十一回：「然後由歐洲新文明進而復我三皇五帝舊文明，駸駸進於大同之世矣。」
青熒,NA,NA,"NA"
殑㱥,NA,NA,"NA"
㱥殑,NA,NA,"NA"
煢煢,qióng qióng,ㄑㄩㄥˊ ㄑㄩㄥˊ,孤獨無依的樣子。楚辭．屈原．思美人：「獨煢煢而南行兮，思彭咸之故也。」晉．陶淵明．祭程氏妹文：「煢煢游魂，誰主誰祀？」亦作「惸惸」、「瞏瞏」、「嬛嬛」。
瞏瞏,NA,NA,"NA"
跫,NA,NA,"NA"
丘虛,NA,NA,"NA"
秋秋,NA,NA,"NA"
俅俅,qiú qiú,ㄑㄧㄡˊ ㄑㄧㄡˊ,恭順的樣子。詩經．周頌．絲衣：「絲衣其紑，載弁俅俅。」
區區,qū qū,ㄑㄩ ㄑㄩ,微小。左傳．襄公十七年：「宋國區區，而有詛有祝，禍之本也。」舊唐書．卷一一一．張鎬傳：「臣聞天子修福，要在安養含生，靖一風化，未聞區區僧教，以致太平。」近戔戔自稱的謙詞。文選．李陵．答蘇武書：「區區之心，切慕此耳。」文選．李密．陳情表：「母孫二人更相為命，是以區區不能廢遠。」志得意滿的樣子。商君書．修權：「今亂世之君臣，區區然皆擅一國之利，而管一官之重，以便其私。」忠誠、愛戀。文選．古詩十九首．孟冬寒氣至：「一心抱區區，懼君不識察。」樂府詩集．卷七十三．雜曲歌辭十三．古辭．焦仲卿妻：「新婦謂府吏：『感君區區懷，君既若見錄，不久望君來。』」胸襟不開朗。董西廂．卷一：「莫區區，好天良夜且追遊。」憨愚，死心眼。樂府詩集．卷七十三．雜曲歌辭十三．古辭．焦仲卿妻：「阿母謂府吏：『何乃太區區。』」隋書．卷六十四．來護兒傳：「會為國滅賊以取功名，安能區區久事隴畝！」辛苦、殷勤。董西廂．卷一：「區區四海遊學，一年多半，身在天涯。」元．鄭光祖．㑳梅香．第二折：「小生區區千里而來，只為小姐這門親事。」
區霿,NA,NA,"NA"
屈強,NA,NA,"NA"
屈橋,NA,NA,"NA"
祛祛,NA,NA,"NA"
劬錄,NA,NA,"NA"
蘧蒢,NA,NA,"NA"
蘧然,qú rán,ㄑㄩˊ ㄖㄢˊ,驚喜的樣子。
躣躣,NA,NA,"NA"
棬棬,NA,NA,"NA"
拳拳,quán quán,ㄑㄩㄢˊ ㄑㄩㄢˊ,真摯誠懇。文選．司馬遷．報任少卿書：「拳拳之忠，終不能自列。」唐．孟簡．惜分陰詩：「業廣因功苦，拳拳志士心。」亦作「卷卷」、「惓惓」。勤勉的樣子。唐．柳宗元．天爵論：「拳拳於得善，孜孜於嗜學。」彎曲的樣子。水滸傳．第十二回：「夾腦連頭，盡長拳拳彎彎捲螺髮。」敬慕眷戀的樣子。唐．白居易．訪陶公舊宅詩：「每讀五柳傳，目想心拳拳。」
蜷局,quán jú,ㄑㄩㄢˊ ㄐㄩˊ,彎曲、捲曲。楚辭．屈原．離騷：「僕夫悲余馬懷兮，蜷局顧而不行。」亦作「踡跼」。捲曲不能舒展的樣子。楚辭．王逸．九思：「踡跼兮寒局數，獨處兮志不申。」西遊記．第四十一回：「你看他踡跼四肢伸不得，渾身上下冷如冰。」亦作「蜷局」。
蜷跼,NA,NA,"NA"
綣綣,NA,NA,"NA"
缺缺,quē quē,ㄑㄩㄝ ㄑㄩㄝ,具小聰明的。老子．第五十八章：「其政悶悶，其民淳淳，其政察察，其民缺缺。」唐．柳宗元．桐葉封弟辨：「是直小丈夫缺缺者之事，非周公所宜用，故不可信。」非常缺乏的樣子。如：「他對登山活動興趣缺缺。」
搉,NA,NA,"NA"
礐,NA,NA,"NA"
礐硞,NA,NA,"NA"
囷囷,jūn jūn,ㄐㄩㄣ ㄐㄩㄣ,屈曲盤旋的樣子。唐．杜牧．阿房宮賦：「盤盤焉，囷囷焉，蜂房水渦矗，不知乎幾千萬落。」
逡巡,qūn xún,ㄑㄩㄣ ㄒㄩㄣˊ,向後退。莊子．秋水：「東海之鱉，左足未入，而右膝已縶矣。於是逡巡而卻。」漢賈誼．過秦論：「秦人開關而延敵，九國之師，逡巡遁逃而不敢進。」或作「逡循」。徘徊不前。唐．杜甫．麗人行：「後來鞍馬何逡巡，當軒下馬入錦茵。」聊齋志異．卷一．勞山道士：「俛首驟入，勿逡巡！」頃刻之間。唐．韓湘．言志詩：「解造逡巡酒，能開頃刻花。」元．王實甫．西廂記．第二本．第一折：「雖然是不關親，可憐見命在逡巡。」
逡循,NA,NA,"NA"
冉冉,rǎn rǎn,ㄖㄢˇ ㄖㄢˇ,緩慢行進的樣子。楚辭．屈原．離騷：「老冉冉其將至兮，恐脩名之不立。」醒世恆言．卷四．灌園叟晚逢仙女：「忽見月影下，一青衣冉冉而來。」柔弱下垂的樣子。文選．古詩十九首．冉冉孤生竹：「冉冉孤生竹，結根泰山阿。」文選．曹植．美女篇：「柔條紛冉冉，葉落何翩翩。」濃密迷漫的樣子。元．王實甫．西廂記．第二本．第一折：「耳邊廂金鼓連天振，征雲冉冉，土雨紛紛。」明．王夫之．玉樓春．娟娟片月涵秋影詞：「綠雲冉冉粉初勻，玉露泠泠香自省。」
姌嫋,rǎn niǎo,ㄖㄢˇ ㄋㄧㄠˇ,細弱的樣子。漢．司馬相如．子虛賦：「柔橈嬛嬛，嫵媚姌嫋。」
苒苒,rǎn rǎn,ㄖㄢˇ ㄖㄢˇ,草茂盛的樣子。唐．陳翊．龍池春草詩：「因風初苒苒，覆岸欲離離。」輕柔的樣子。唐．白居易．題小橋前新竹招客詩：「橋前何所有，苒苒新生竹。」漸漸的樣子。宋．柳永．八聲甘州．對瀟瀟暮雨灑江天詞：「是處紅衰翠減，苒苒物華休。」
苒弱,rǎn ruò,ㄖㄢˇ ㄖㄨㄛˋ,草茂盛的樣子。舞動的樣子。唐．張說．東都酺宴詩．序：「是日六樂振作，萬舞苒弱。」
苒荏,rǎn rěn,ㄖㄢˇ ㄖㄣˇ,展轉，漸漸的樣子。晉．陸雲．與楊彥明書：「時去苒荏，歲行復半。」亦作「荏苒」。
荏苒,rěn rǎn,ㄖㄣˇ ㄖㄢˇ,時間漸漸過去。文選．潘岳．悼亡詩三首之一：「荏苒冬春謝，寒暑忽流易。」三國演義．第三十七回：「光陰荏苒，又早新春。」亦作「苒荏」。
儴佯,NA,NA,"NA"
瀼瀼,ráng ráng,ㄖㄤˊ ㄖㄤˊ,露水很濃的樣子。詩經．小雅．蓼蕭：「蓼彼蕭斯，零露瀼瀼。」
嬈嬈,yǎo yǎo,ㄧㄠˇ ㄧㄠˇ,柔弱的樣子。文選．王襃．洞簫賦：「風鴻洞而不絕兮，優嬈嬈以婆娑。」
擾攘,rǎo rǎng,ㄖㄠˇ ㄖㄤˇ,紛亂。漢書．卷二十一．律曆志上：「戰國擾攘，秦兼天下。」三國演義．第二十回：「今四海擾攘之時，正當借田獵以講武。」近紛擾、騷動、騷擾反平靜
擾弱,NA,NA,"NA"
陾陾,réng réng,ㄖㄥˊ ㄖㄥˊ,眾多。詩經．大雅．綿：「捄之陾陾，度之薨薨。」
容與,róng yǔ,ㄖㄨㄥˊ ㄩˇ,徘徊猶疑。楚辭．屈原．九章．思美人：「固朕形之不服兮，然容與而狐疑。」文選．班昭．東征賦：「悵容與而久駐兮，忘日夕而將昏。」安閒自得。楚辭．屈原．九歌．湘夫人：「時不可兮驟得，聊逍遙兮容與。」宋．張孝祥．水調歌頭．隆中三顧客詞：「綸巾羽扇容與，爭看列仙儒。」
容容,róng róng,ㄖㄨㄥˊ ㄖㄨㄥˊ,苟且敷衍，隨眾附和。史記．卷九十六．張丞相傳：「其治容容，隨世俗浮沉。」漢書．卷八十四．翟方進傳：「朕誠怪君，何持容容之計，無忠固意。」飛揚的樣子。楚辭．屈原．九歌．山鬼：「表獨立兮山之上，雲容容兮而在下。」漢書．卷二十二．禮樂志：「神之行，旌容容，騎沓沓，般縱縱。」紛亂動蕩的樣子。楚辭．屈原．九章．悲回風：「紛容容之無經兮，罔芒芒之無紀。」史記．卷九十二．淮陰侯傳：「夫銳氣挫於險塞，而糧食竭於內府，百姓罷極怨望，容容無所倚。」
溶溶,róng róng,ㄖㄨㄥˊ ㄖㄨㄥˊ,水勢盛大的樣子。南朝梁．江淹．哀千里賦：「水則遠天相逼，浮雲共色，茫茫無底，溶溶不測。」唐．杜牧．阿房宮賦：「二川溶溶，流入宮牆。」寬廣的樣子。楚辭．劉向．九歎．愍命：「心溶溶其不可量兮，情澹澹其若淵。」盛多的樣子。唐．皇甫湜．吉州刺史廳壁記：「瑞露溶溶，降味公松。」清．洪昇．長生殿．第三十二齣：「淚珠兒溶溶滿觴，怕添不下半滴葡萄釀。」明淨且潔白的樣子。唐．許渾．冬日宣城開元寺贈元孚上人詩：「林疏霜摵摵，波靜月溶溶。」暖和。宋．晏殊．採桑子．陽和二月芳菲遍詞：「陽和二月芳菲遍，暖景溶溶。」宋．蘇軾．哨遍．睡起畫堂詞：「初雨歇，洗出碧羅天，正溶溶養花天氣。」
溶與,NA,NA,"NA"
溶㵝,NA,NA,"NA"
肜肜,NA,NA,"NA"
茸茸,róng róng,ㄖㄨㄥˊ ㄖㄨㄥˊ,柔密叢生的樣子。唐．皇甫湜．春心：「日遲遲兮正春，草茸茸兮既長。」唐．盧仝．喜逢鄭三遊山詩：「相逢之處花茸茸，石壁攢峰千萬里。」群居的樣子。唐．皮日休．九諷系述．捨慕：「彼群小之茸茸兮，如慕臭之蟞蜉。」
融融,róng róng,ㄖㄨㄥˊ ㄖㄨㄥˊ,和樂的樣子。左傳．隱公元年：「大隧之中，其樂也融融。」和暖的樣子。唐．杜牧．阿房宮賦：「歌臺暖響，春光融融。」儒林外史．第三十三回：「趁著這春光融融，和氣習習，憑在欄杆上，留連痛飲。」
柔然,róu rán,ㄖㄡˊ ㄖㄢˊ,我國古代少數民族之一。初屬拓拔部，為東胡族的苗裔。自始祖木骨閭傳至社崙，凶狡有權變，南北朝時漸強大，渡漠北，侵高車，併合諸部，國勢大振。其後屢敗於北魏，於西魏廢帝時，為突厥所滅。亦稱為「芮芮」、「蠕蠕」。
嚅唲,rú ér,ㄖㄨˊ ㄦˊ,諂媚的笑。楚辭．王逸．卜居：「將哫訾慄斯，喔咿嚅唲，以事婦人乎？」或作「儒兒」。
蠕蠕,ruǎn ruǎn,ㄖㄨㄢˇ ㄖㄨㄢˇ,蟲動的樣子。唐．李賀．感諷詩五首之一：「越婦未織作，吳蠶始蠕蠕。」如：「蠕蠕而動」。柔然的別稱。見「柔然」條。
蝡蝡,NA,NA,"NA"
緌緌,NA,NA,"NA"
蘂蘂,NA,NA,"NA"
芮芮,ruì ruì,ㄖㄨㄟˋ ㄖㄨㄟˋ,草細小的樣子。明．李時珍．本草綱目．卷十七．草部．石龍芮：「生于石上，其葉芮芮短小。」柔然的別稱。為我國少數民族之一。
洒洒,sǎ sǎ,ㄙㄚˇ ㄙㄚˇ,連綿不絕、歷歷分明的樣子。宋．張端義．貴耳集．卷上：「先後次序數百言，灑灑可聽。」形容超脫自在的樣子。如：「他自研習佛學後，覺得胸中灑灑，漸次的空了。」
颯颯,sà sà,ㄙㄚˋ ㄙㄚˋ,形容風聲。楚辭．屈原．九歌．山鬼：「風颯颯兮木蕭蕭，思公子兮徒離憂。」儒林外史．第四十二回：「只見一陣陰風，颯颯的響，滾了進來。」形容水聲。唐．李頎．聽董大彈胡笳聲兼寄語弄房給事詩：「迸泉颯颯飛木末，野鹿呦呦走堂下。」唐．杜甫．乾元中寓居同谷縣作詩七首之四：「四山多風溪水急，寒雨颯颯枯樹濕。」
颯沓,sà tà,ㄙㄚˋ ㄊㄚˋ,眾多而盛大的樣子。文選．鮑照．詠史詩：「賓御紛颯沓，鞍馬光照地。」群集飛翔的樣子。文選．鮑照．舞鶴賦：「颯沓矜顧，遷延遲暮。」
颯爽,sà shuǎng,ㄙㄚˋ ㄕㄨㄤˇ,矯健強勁的樣子。唐．杜甫．畫鶻行：「高堂見生鶻，颯爽動秋骨。」
毿毿,sān sān,ㄙㄢ ㄙㄢ,細長的樣子。唐．孟浩然．高陽池送朱二詩：「澄波澹澹芙蓉發，綠岸毿毿楊柳垂。」唐．白居易．除夜寄微之詩：「鬢毛不覺白毿毿，一事無成百不堪。」
騷搔,NA,NA,"NA"
騷屑,sāo xiè,ㄙㄠ ㄒㄧㄝˋ,擾亂不安。唐．杜甫．喜雨詩：「農事都已休，兵戊況騷屑。」唐．劉禹錫．秋聲賦：「念塞外之征行，顧閨中之騷屑。」狀聲詞。形容風聲。楚辭．劉向．九歎．思古：「風騷屑以搖木兮，雲吸吸以湫戾。」
瑟瑟,sè sè,ㄙㄜˋ ㄙㄜˋ,碧綠的寶石。新唐書．卷一三五．高仙芝傳：「仙芝為人貪，破石，獲瑟瑟十餘斛。」元史．卷二十四．仁宗本紀一：「帝曰：『所寶惟賢，瑟瑟何用焉？』」形容風聲。三國．魏．劉楨．贈從弟詩：「亭亭山上松，瑟瑟谷中風。」唐．白居易．琵琶行：「潯陽江頭夜送客，楓葉荻花秋瑟瑟。」形容寒冷瑟縮的樣子。官場現形記．第十四回：「只剩得一件布衫，跪在地下，瑟瑟抖個不了。」
瑟縮,sè suō,ㄙㄜˋ ㄙㄨㄛ,蜷縮，不伸展的樣子。呂氏春秋．仲夏紀．適音：「筋骨瑟縮不達，故作為舞以宣導之。」聊齋志異．卷二．陸判：「眾睹之，瑟縮不安於座。仍請負去。」猶豫遲緩的樣子。唐．牛僧孺．崔相國群家廟碑：「九州歲貢，瑟縮不集。」狀聲詞。形容風雨的聲音。宋．蘇軾．洞庭春色賦：「臥松風之瑟縮，揭春溜之淙潺。」
瑟索,NA,NA,"NA"
森森,sēn sēn,ㄙㄣ ㄙㄣ,樹木茂盛的樣子。文選．潘岳．懷舊賦：「墳壘壘而接壟，柏森森以攢植。」唐．杜甫．蜀相詩：「丞相祠堂何處尋，錦官城外柏森森。」戰慄的樣子。董西廂．卷二：「為首強人英武，見了早森森地怯懼。」陰森寒冷的樣子。如：「寒風森森的吹，怪可怕的。」眾多的樣子。文選．張協．雜詩十首之四：「翳翳結繁雲，森森散雨足。」
霎霎,NA,NA,"NA"
姍姍,NA,NA,"NA"
掺掺,shān shān,ㄕㄢ ㄕㄢ,手纖細的樣子。詩經．魏風．葛屨：「摻摻女手，可以縫裳。」
珊珊,shān shān,ㄕㄢ ㄕㄢ,佩玉相擊聲。文選．宋玉．神女賦：「動霧穀以徐步兮，拂墀聲之珊珊。」唐．杜甫．鄭駙馬宅宴洞中詩：「自是秦樓壓鄭谷，時聞雜佩聲珊珊。」晶瑩明潔的樣子。唐．韋莊．白櫻桃詩：「只應漢武金盤上，瀉得珊珊百露珠。」宋．張孝祥．鷓鴣天．月地雲堦歡意闌詞：「情脈脈，淚珊珊。梅花音信隔關山。」形容女子緩步慢移的姿態。宋．無名氏．李師師外傳：「又良久，見姥擁一姬珊珊而來。淡妝不施脂粉，衣絹素，無豔服。」聊齋志異．卷三．連瑣：「一更向盡，有女子珊珊自草中出，手扶小樹，低首哀吟。」形容高雅飄逸的樣子。清．袁枚．隨園詩話．卷一：「珊珊仙骨誰能近，字與林家恐未真。」
梢梢,shāo shāo,ㄕㄠ ㄕㄠ,狀聲詞。形容風聲。南朝宋．鮑照．野鵝賦：「風梢梢而過樹，月蒼蒼而照臺。」唐．常建．空靈山應田叟詩：「曳策背落日，江風鳴梢梢。」勁健的樣子。文選．謝朓．詶王晉安詩：「梢梢枝早勁，塗塗露晚晞。」唐．杜甫．雕賦：「梢梢勁翮，肅肅逸響。」尾垂的樣子。唐．李賀．唐兒歌：「竹馬梢梢搖綠尾，銀鸞睒光踏青臂。」
蛇蛇,yí yí,ㄧˊ ㄧˊ,淺薄、自大誇張。詩經．小雅．巧言：「蛇蛇碩言，出自口矣。」
侁侁,shēn shēn,ㄕㄣ ㄕㄣ,形容行走的聲音。楚辭．宋玉．招魂：「豺狼從目，往來侁侁些。」
呻吟,shēn yín,ㄕㄣ ㄧㄣˊ,吟詠。莊子．列禦寇：「鄭人緩也，呻吟裘氏之地。」南朝梁．鍾嶸．詩品序：「至於膏腴子弟，恥文不逮，終朝點綴，分夜呻吟。」因病痛或哀傷所發出的聲音。三國演義．第九十八回：「時郝昭病危。當夜正呻吟之間，忽報蜀軍到城下了。」紅樓夢．第四十七回：「一齊來至馬前，只聽葦中有人呻吟。」
蔘蔘,NA,NA,"NA"
詵詵,shēn shēn,ㄕㄣ ㄕㄣ,眾多的樣子。詩經．周南．螽斯：「螽斯羽，詵詵兮。」和樂聚集的樣子。陳書．卷二十四．周弘正傳：「後進詵詵，不無傳業。」
繩繩,shéng shéng,ㄕㄥˊ ㄕㄥˊ,相續不絕的樣子。詩經．周南．螽斯：「螽斯羽薨薨兮，宜爾子孫繩繩兮。」戒慎謹敬。漢書．卷二十二．禮樂志：「繩繩意變，備得其所。」無涯際的樣子。老子．第十四章：「繩繩不可名，復歸於無物。」正直的樣子。鶡冠子．卷中．泰鴻：「精微往來，傾傾繩繩。」
施施,yí yí,ㄧˊ ㄧˊ,喜悅自得的樣子。孟子．離婁下：「而良人未之知也，施施從外來，驕其妻妾。」唐．韓愈．曹成王碑：「出則囚服就辯，入則擁笏垂魚，坦坦施施。」緩慢前進的樣子。詩經．王風．丘中有麻：「彼留子嗟，將其來施施。」唐．柳宗元．始得西山宴游記：「施施而行，漫漫而遊。」
施施,yí yí,ㄧˊ ㄧˊ,喜悅自得的樣子。孟子．離婁下：「而良人未之知也，施施從外來，驕其妻妾。」唐．韓愈．曹成王碑：「出則囚服就辯，入則擁笏垂魚，坦坦施施。」緩慢前進的樣子。詩經．王風．丘中有麻：「彼留子嗟，將其來施施。」唐．柳宗元．始得西山宴游記：「施施而行，漫漫而遊。」
濕濕,shī shī,ㄕ ㄕ,浪濤開合的樣子。文選．木華．海賦：「驚浪雷奔，駭水迸集，開合解會，瀼瀼濕濕。」搖動的樣子。詩經．小雅．無羊：「爾牛來思，其耳濕濕。」小解、小便。元．楊文奎．兒女團圓．第二折：「王獸醫云：『嬸子，我要濕濕去。』」
褷褵,NA,NA,"NA"
褵褷,NA,NA,"NA"
湜湜,shí shí,ㄕˊ ㄕˊ,水清澈見底的樣子。詩經．邶風．谷風：「涇以渭濁，湜湜其沚。」
奭然,NA,NA,"NA"
倏忽,shù hū,ㄕㄨˋ ㄏㄨ,疾速。漢．蔡琰．胡笳十八拍：「生倏忽兮如白駒之過隙，然不得歡樂兮當我之盛年。」三國演義．第六十八回：「小童急欲問時，左慈已拂袖而去；其行如飛，倏忽不見。」近突然、忽然
倏眒,NA,NA,"NA"
儵忽,NA,NA,"NA"
率然,shuài rán,ㄕㄨㄞˋ ㄖㄢˊ,古代傳說中的一種蛇。孫子．九地：「故善用兵者，譬如率然。率然者，常山之蛇也。擊其首則尾至，擊其尾則首至，擊其中則首尾俱至。」亦比喻前後相呼應。晉書．卷七十三．庾龢傳：「若窮寇慮逼，送死一決，東西互出，首尾俱進，則廩糧有抄截之患，遠略乏率然之勢。」輕率匆促的樣子。後漢書．卷十七．賈復傳：「復率然對曰：『臣請擊郾。』」明．唐順之．贈李司訓遷官臨安序：「今則不然，不量其人之能與不能也，率然授之為師。」
率爾,shuài ěr,ㄕㄨㄞˋ ㄦˇ,輕率、急遽。論語．先進：「子路率爾而對。」南朝宋．劉義慶．世說新語．輕詆：「袁虎率爾對曰：『運自有廢興，豈必諸人之過？』」
眴煥,NA,NA,"NA"
爍爍,shuò shuò,ㄕㄨㄛˋ ㄕㄨㄛˋ,光閃動的樣子。唐．韓愈．芍藥詩：「浩態狂香昔未逢，紅燈爍爍綠盤籠。」宋．蘇軾．四時詞四首之三：「象床素手熨寒衣，爍爍風燈動華屋。」
爍爍,shuò shuò,ㄕㄨㄛˋ ㄕㄨㄛˋ,光閃動的樣子。唐．韓愈．芍藥詩：「浩態狂香昔未逢，紅燈爍爍綠盤籠。」宋．蘇軾．四時詞四首之三：「象床素手熨寒衣，爍爍風燈動華屋。」
嘶,NA,NA,"NA"
澌,NA,NA,"NA"
禗禗,NA,NA,"NA"
忪懞,NA,NA,"NA"
搜牢,NA,NA,"NA"
颼颼,sōu sōu,ㄙㄡ ㄙㄡ,狀聲詞。形容風吹、雨打的聲音。唐．鄭谷．鷺鷥詩：「閑立春塘煙澹澹，靜眠寒葦雨颼颼。」儒林外史．第二十八回：「內中又有參天的大木，幾萬竿竹子，那風吹的到處颼颼的響。」寒冷的樣子。唐．杜牧．洛中送冀處士東游詩：「論今星璨璨，考古寒颼颼。」紅樓夢．第六十六回：「冷颼颼，明亮亮，如兩痕秋水一般。」
颼飀,sōu liú,ㄙㄡ ㄌㄧㄡˊ,狀聲詞。形容風聲。唐．李頎．聽安萬善吹觱篥歌：「枯桑老柏寒颼飀，九雛鳴鳳亂啾啾。」唐．李白．明堂賦：「颯蕭寥以颼飀，窅陰鬱以綿密。」
叟叟,sōu sōu,ㄙㄡ ㄙㄡ,狀聲詞。形容淘米的聲音。詩經．大雅．生民：「釋之叟叟，烝之浮浮。」亦作「溲溲」。
嗾,NA,NA,"NA"
嗽,NA,NA,"NA"
嗽,NA,NA,"NA"
漱,NA,NA,"NA"
簌簌,sù sù,ㄙㄨˋ ㄙㄨˋ,紛紛墜下的樣子。紅樓夢．第八十七回：「看了一回，不覺得簌簌淚下。」老殘遊記．第八回：「樹上殘葉簌蔌落地，人面上冷氣稜稜地割。」亦作「簌地」。狀聲詞。形容細碎不斷的聲音。水滸傳．第一回：「山邊竹籐裡，簌簌地響，搶出一條吊桶大小雪花也似蛇來。」
肅肅,sù sù,ㄙㄨˋ ㄙㄨˋ,恭謹的樣子。詩經．周南．兔罝：「肅肅兔罝，施于中逵。」迅速、匆忙的樣子。詩經．召南．小星：「肅肅宵征，抱衾與裯。」嚴正的樣子。詩經．小雅．黍苗：「肅肅謝功，召伯營之。」狀聲詞。形容風聲。後漢書．卷八十四．列女傳．董祀妻傳：「翩翩吹我衣，肅肅入我耳。」
蔌蔌,sù sù,ㄙㄨˋ ㄙㄨˋ,鄙陋的樣子。詩經．小雅．正月：「佌佌彼有屋，蔌蔌方有穀。」亦作「速速」。形容風聲勁疾。文選．鮑照．蕪城賦：「稜稜霜氣，蔌蔌風威。」水流動的樣子。宋．蘇軾．食甘詩：「清泉蔌蔌先流齒，香霧霏霏欲噀人。」花落的樣子。唐．元稹．連昌宮詞：「又有牆頭千葉桃，風動落花紅蔌蔌。」
謖謖,sù sù,ㄙㄨˋ ㄙㄨˋ,挺拔的樣子。南朝宋．劉義慶．世說新語．賞譽：「世目李元禮：『謖謖如勁松下風。』」狀聲詞。形容風吹的聲音。宋．蘇軾．西湖壽星院此君軒詩：「臥聽謖謖碎龍鱗，俯看蒼蒼立玉身。」
速速,sù sù,ㄙㄨˋ ㄙㄨˋ,迅速、急速。三國演義．第七十六回：「眾人都叫：『本處人速速投降！』關公大怒，欲上岡殺之。」初刻拍案驚奇．卷十七：「如有來投求報應者，可書『香』字與之，叫他速速歸家。」鄙陋的樣子。後漢書．卷六十下．蔡邕傳：「速速方轂，夭夭是加。」亦作「蔌蔌」。不相親附的樣子。楚辭．劉向．九歎．逢紛：「心戃慌其不我與兮，躬速速其不吾親。」
傞傞,suō suō,ㄙㄨㄛ ㄙㄨㄛ,醉舞的樣子。詩經．小雅．賓之初筵：「側弁之俄，屢舞傞傞。」
娑娑,suō suō,ㄙㄨㄛ ㄙㄨㄛ,鬆散、飛揚的樣子。文選．張衡．思玄賦：「修初服之娑娑兮，長余佩之參參。」
蓑蓑,NA,NA,"NA"
瑣瑣,suǒ suǒ,ㄙㄨㄛˇ ㄙㄨㄛˇ,鄙陋、平庸。詩經．小雅．節南山：「瑣瑣姻亞，則無膴仕。」北史．卷二十一．崔宏傳：「但恐諸將瑣瑣，前後顧慮，不能乘勝深入，使不全舉耳。」形容聲音細碎叨絮。唐．杜牧．送劉三復郎中赴闕詩：「玉珂聲瑣瑣，錦帳夢悠悠。」封神演義．第九十三回：「既將軍有猜疑之念，貧道又何必在此瑣瑣也？」
索然,suǒ rán,ㄙㄨㄛˇ ㄖㄢˊ,乏味、落寞。儒林外史．第二十九回：「如今先生把他做了詩，下面又強對了一句，便覺索然了。」紅樓夢．第十三回：「寶玉因近日林黛玉回去，剩得自己孤恓，也不和人頑耍，每到晚間，便索然睡了。」
索索,suǒ suǒ,ㄙㄨㄛˇ ㄙㄨㄛˇ,內心不安的樣子。易經．震卦．上六：「震索索，視矍矍，征凶。」文明小史．第十一回：「傅知府還當是一班鬧事的人，要哄他出去打，他抵死不敢出去，只是索索的抖。」冷寂蕭條的樣子。北周．庾信．擬詠懷詩二十七首之一：「索索無真氣，昏昏有俗心。」形容風的聲音。隋．江總．貞女峽賦：「山蒼蒼以墜葉，樹索索而搖枝。」清．陳維崧．好事近．分手柳花天詞：「話到英雄失路，忽涼風索索。」
索落,suǒ luò,ㄙㄨㄛˇ ㄌㄨㄛˋ,要求、找麻煩。金瓶梅．第三十二回：「你這狗才，頭里嗔他唱，這回又索落他。」
嗒然,tà rán,ㄊㄚˋ ㄖㄢˊ,失意、沮喪的樣子。如：「他對人生已嗒然絕望。」或作「嗒喪」、「嗒焉」。
嗒焉,NA,NA,"NA"
㯓臘,NA,NA,"NA"
沓合,tà hé,ㄊㄚˋ ㄏㄜˊ,重疊。南朝梁．江淹．橫吹賦：「山沓合而為一，雲逕逕而孤去。」
沓沓,tà tà,ㄊㄚˋ ㄊㄚˋ,弛緩、懶散的樣子。孟子．離婁上：「詩曰：『天之方蹶，無然泄泄。』泄泄猶沓沓也。」形容話很多的樣子。詩經．大雅．蕩「如沸如羹」句下鄭玄．注：「其笑語沓沓，又如湯之沸、羹之方熟。」快速行走的樣子。漢書．卷二十二．禮樂志：「神之行，旌容容，騎沓沓，般縱縱。」
䶀,NA,NA,"NA"
駘蕩,NA,NA,"NA"
嘽嘽,tān tān,ㄊㄢ ㄊㄢ,牲畜喘息的樣子。詩經．小雅．四牡：「四牡騑騑，嘽嘽駱馬。」舒暢喜樂的樣子。詩經．大雅．崧高：「申伯番番，既入于謝，徒御嘽嘽。」眾多。詩經．小雅．釆芑：「戎車嘽嘽，嘽嘽焞焞，如霆如雷。」
舑舕,NA,NA,"NA"
儃儃,tǎn tǎn,ㄊㄢˇ ㄊㄢˇ,悠閒的樣子。莊子．田子方：「有一史後至者，儃儃然不趨，受揖不立。」成玄英．疏：「儃儃，寬閒之貌也。」
壇曼,NA,NA,"NA"
壇漫,NA,NA,"NA"
憛悇,NA,NA,"NA"
悇憛,NA,NA,"NA"
曇曇,tán tán,ㄊㄢˊ ㄊㄢˊ,烏雲密布的樣子。晉．陸雲．愁霖賦：「雲曇曇而疊結兮，雨淫淫而未散。」
曇欒,NA,NA,"NA"
潭潭,tán tán,ㄊㄢˊ ㄊㄢˊ,深廣的樣子。唐．韓愈．符讀書城南詩：「一為馬前卒，鞭背生蟲蛆；一為公與相，潭潭府中居。」宋．秦觀．春日雜興詩十首之三：「潭潭故邑井，猗猗上宮蘭。」狀聲詞。形容鼓聲。宋．歐陽修．黃牛峽祠詩：「潭潭村鼓隔溪聞，楚巫歌舞送迎神。」
醰醰,tán tán,ㄊㄢˊ ㄊㄢˊ,形容滋味濃厚。文選．王襃．洞簫賦：「哀悁悁之可懷兮，良醰醰而有味。」
黮黮,NA,NA,"NA"
黮䨴,NA,NA,"NA"
黮暗,tǎn àn,ㄊㄢˇ ㄢˋ,不明白的樣子。莊子．齊物論：「人固受其黮闇，吾誰使正之？」
黯黮,àn tǎn,ㄢˋ ㄊㄢˇ,昏暗不明的樣子。楚辭．宋玉．九辯：「彼日月之照明兮，尚黯黮而有瑕。」
嘆,NA,NA,"NA"
歎,NA,NA,"NA"
湯湯,shāng shāng,ㄕㄤ ㄕㄤ,水流盛大的樣子。詩經．大雅．江漢：「江漢湯湯，武夫洸洸。」清．夏敬觀．八聲甘州．聽愁霖一陣打窗來詞：「誰管湯湯水？漸蹴吳天。」
鏜,NA,NA,"NA"
闛,NA,NA,"NA"
唐突,táng tú,ㄊㄤˊ ㄊㄨˊ,觸犯、牴觸。後漢書．卷七十．孔融傳：「又融為九列，不遵朝儀，禿巾微行，唐突宮掖。」元．關漢卿．蝴蝶夢．第二折：「見鑾輿，便唐突。」近冒昧亦作「搪突」。失禮，冒昧的舉動。宋．無名氏．李師師外傳：「兒性好靜坐，唐突勿罪。」清．洪昇．長生殿．第四齣：「這等說，倒是寡人唐突了。」亦作「搪突」。
堂堂,táng táng,ㄊㄤˊ ㄊㄤˊ,形容人的容貌端正莊嚴。論語．子張：「堂堂乎張也，難與並為仁矣。」形容志氣宏大。宋．岳飛．題新淦古寺壁詩：「正氣堂堂貫斗牛，誓將貞節報君仇。」形容陣容或力量壯大。三國志．卷二十八．魏書．鍾會傳：「段谷、侯和沮傷之氣，難以敵堂堂之陳。」
樘突,NA,NA,"NA"
倘佯,cháng yáng,ㄔㄤˊ ㄧㄤˊ,安閒自在的徘徊。文選．宋玉．風賦：「然後倘佯中庭，北上玉堂，躋于羅帷，經于洞房，迺得為大王之風也。」文選．左思．吳都賦：「徘徊倘佯，寓目幽蔚。」近徘徊亦作「徜徉」。
儻朗,NA,NA,"NA"
儻閬,NA,NA,"NA"
戃慌,tǎng huāng,ㄊㄤˇ ㄏㄨㄤ,失意的樣子。楚辭．劉向．九歎．逢紛：「心戃慌其不我與兮，躬速速其不吾親。」唐．韓愈．瀧吏詩：「胡為此水邊，神色久戃慌。」
曭莽,NA,NA,"NA"
曭朗,NA,NA,"NA"
爣朗,NA,NA,"NA"
爣閬,tǎng lǎng,ㄊㄤˇ ㄌㄤˇ,火光閃明的樣子。後引申為空間寬敞明亮。文選．王延壽．魯靈光殿賦：「鴻爌炾以爣閬，飋蕭條而清泠。」或作「爣朗」、「爣烺」。
叨沓,tāo tà,ㄊㄠ ㄊㄚˋ,既貪心又懈怠。新唐書．卷一七一．李光進傳：「初，田縉鎮夏州，以叨沓開邊隙，故党項引吐蕃圍涇州，郝玭力戰破之。」
慆慆,tāo tāo,ㄊㄠ ㄊㄠ,長久的樣子。詩經．豳風．東山：「我徂東山，慆慆不歸。」
滔滔,tāo tāo,ㄊㄠ ㄊㄠ,水流滾滾不絕的樣子。詩經．齊風．載驅：「汶水滔滔，行人儦儦。」如：「海浪滔滔」。近滾滾形容說話連續不停。如：「滔滔不絕」。形容混亂。論語．微子：「滔滔者天下皆是也，而誰以易之。」
饕餮,tāo tiè,ㄊㄠ ㄊㄧㄝˋ,傳說中一種凶惡貪食的野獸，古代鐘鼎彝器多刻其頭形以為飾。呂氏春秋．先識覽．先識：「周鼎著饕餮，有首無身，食人未咽，害及其身。」二刻拍案驚奇．卷三十九：「細看那鏡小小只有四五寸，面上精光閃爍，背上鼻鈕四傍，隱起窮奇饕餮魚龍波浪之形。」比喻凶惡貪婪的人。左傳．文公十八年：「縉雲氏有不才子，貪于飲食，冒于貨賄，侵欲崇侈，不可盈厭；聚斂積實，不知紀極；不分孤寡，不恤窮匱，天下之民以比三凶，謂之饕餮。」漢．蔡邕．太尉李成碑：「百司震肅，饕餮風靡。」饕為貪財，餮為貪食。饕餮比喻貪吃的人。唐．杜甫．麂詩：「衣冠兼盜賊，饕餮用斯須。」近貪饞、貪嘴
號咷,NA,NA,"NA"
噭咷,jiào táo,ㄐㄧㄠˋ ㄊㄠˊ,小兒哭泣不止。說文解字．咷字．段玉裁．注：「咷，楚謂兒泣不止曰噭咷。」聲音清脆悠揚。漢書．卷七十六．韓延壽傳：「歌者先居射室，望見延壽車，噭咷楚歌。」或作「噭誂」。
陶陶,táo táo,ㄊㄠˊ ㄊㄠˊ,和樂的樣子。三國．魏．劉伶．酒德頌：「無思無慮，其樂陶陶。」漫長。楚辭．玉逸．九思．哀歲：「冬夜兮陶陶，雨雪兮冥冥。」陽氣盛。史記．卷八十四．屈原賈生傳：「陶陶孟夏兮，草木莽莽。」
媞媞,tí tí,ㄊㄧˊ ㄊㄧˊ,美好的樣子。楚辭．東方朔．七諫．怨世：「西施媞媞而不得見兮，嫫母勃屑而日侍。」
倜然,NA,NA,"NA"
倜儻,tì tǎng,ㄊㄧˋ ㄊㄤˇ,卓異、特別。文選．司馬遷．報任少卿書：「古者富貴而名摩滅，不可勝記，唯倜儻非常之人稱焉。」文選．王逸．魯靈光殿賦：「迢嶢倜儻，豐麗博敞，洞軫轕乎，其無垠也。」卓越豪邁，灑脫不受約束的樣子。三國志．卷二十一．魏書．阮籍傳：「瑀子籍，才藻豔逸，而倜儻放蕩，行己寡欲，以莊周為模則。」初刻拍案驚奇．卷十二：「本是儒家子弟，生來心性倜儻佻㒓，頑耍戲浪，不拘小節。」
嚏,NA,NA,"NA"
惕息,tì xí,ㄊㄧˋ ㄒㄧˊ,戰兢恐懼而喘息。形容害怕到了極點。漢書．卷六十二．司馬遷傳：「當此之時，見獄吏則頭槍地，視徒隸則心惕息。」宋史．卷二六七．陳恕傳：「旋出知江陵府，大發群吏姦贓，坐徒、流、停、廢者甚眾，郡內惕息。」
惕惕,tì tì,ㄊㄧˋ ㄊㄧˋ,憂心、恐懼。詩經．陳風．防有鵲巢：「中唐有甓，邛有旨鷊，誰侜予美，心焉惕惕。」國語．楚語上：「不然，是三城也，豈不使諸侯之心惕惕焉。」悅愛。爾雅．釋訓：「忯忯、惕惕，愛也。」明．張爾岐．辨志：「今夫人生而呱呱以啼，啞啞以笑，蠕蠕以動，惕惕以息，無以異也。」
趯趯,tì tì,ㄊㄧˋ ㄊㄧˋ,跳躍的樣子。詩經．召南．草蟲：「喓喓草蟲，趯趯阜螽。」南朝梁．吳均．酬別江主簿屯騎詩：「寒蟲鳴趯趯，落葉飛翻翻。」往來的樣子。史記．卷七十八．春申君傳：「詩云：『趯趯毚兔，遇犬獲之。他人有心，余忖度之。』」
逖逖,NA,NA,"NA"
填填,NA,NA,"NA"
填填,NA,NA,"NA"
沺沺,NA,NA,"NA"
湉湉,tián tián,ㄊㄧㄢˊ ㄊㄧㄢˊ,水面平靜的樣子。唐．杜牧．懷鍾陵舊遊詩四首之三：「白鷺煙分光的的，微漣風定翠湉湉。」
磌,NA,NA,"NA"
闐闐,tián tián,ㄊㄧㄢˊ ㄊㄧㄢˊ,本形容車馬隊伍聲勢浩大。詩經．小雅．采芑：「伐鼓淵淵，振旅闐闐。」文選．左思．蜀都賦：「車馬雷駭，轟轟闐闐。」亦可比喻為盛大的樣子。唐．薛逢．上白相公啟：「飛龍在天，雲雨闐闐。」
淟涊,tiǎn niǎn,ㄊㄧㄢˇ ㄋㄧㄢˇ,垢濁而不鮮明。楚辭．劉向．九歎．惜賢：「撥諂諛而匡邪兮，切淟涊之流俗。」文選．陸機．文賦：「謬玄黃之秩敘，故淟涊之不鮮。」
舔舕,tiǎn tàn,ㄊㄧㄢˇ ㄊㄢˋ,伸出舌頭。醒世恆言．卷二十三．金海陵縱欲亡身：「貴哥舔舕道：『我只說幾貫錢的東西，我便兌得起。』」亦作「舚舕」。
佻佻,tiáo tiáo,ㄊㄧㄠˊ ㄊㄧㄠˊ,獨行的樣子。詩經．小雅．大東：「佻佻公子，行彼周行。」
岧岧,tiáo tiáo,ㄊㄧㄠˊ ㄊㄧㄠˊ,高貌。文選．張衡．西京賦：「干雲霧而上達，狀亭亭以岧岧。」
岧嶤,NA,NA,"NA"
岧嵽,NA,NA,"NA"
岹岹,NA,NA,"NA"
岹嶤,NA,NA,"NA"
岹嵽,NA,NA,"NA"
迢迢,tiáo tiáo,ㄊㄧㄠˊ ㄊㄧㄠˊ,遙遠的樣子。文選．古詩十九首．迢迢牽牛星：「迢迢牽牛星，皎皎河漢女。」宋．劉克莊．沁園春．一卷陰符詞：「長安不見，北望迢迢。」亦作「苕苕」。悠長的樣子。宋．歐陽修．踏莎行．候館梅殘詞：「離愁漸遠漸無窮，迢迢不斷如春水。」高聳的樣子。亦作「苕苕」。
迢遞,tiáo dì,ㄊㄧㄠˊ ㄉㄧˋ,遙遠的樣子。唐．孟浩然．赴京途中遇雪詩：「迢遞秦京道，蒼茫歲暮天。」三國演義．第五十六回：「西川迢遞，取之非易。都督之計，莫非不可？」
挑達,NA,NA,"NA"
誂越,tiǎo yuè,ㄊㄧㄠˇ ㄩㄝˋ,音調輕佻。呂氏春秋．季夏紀．音初：「流辟誂越慆濫之音出，則滔蕩之氣邪慢之心感矣。」
跕跕,dié dié,ㄉㄧㄝˊ ㄉㄧㄝˊ,掉落、墜落的樣子。後漢書．卷二十四．馬援傳：「下潦上霧，毒氣重蒸，仰視飛鳶跕跕墯水中。」宋．秦觀．田居詩四首之四：「寥寥場圃空，跕跕烏鳶下。」
餮切,NA,NA,"NA"
汀濴,NA,NA,"NA"
汀濘,tīng níng,ㄊㄧㄥ ㄋㄧㄥˊ,淺水。文選．張協．七命：「何異促麟之游汀濘，短羽之棲翳薈。」泥濘的樣子。明．劉基．弔祖豫州賦：「汙池汀濘兮蛙黽樂之。」
亭亭,tíng tíng,ㄊㄧㄥˊ ㄊㄧㄥˊ,高聳直立的樣子。文選．何劭．遊仙詩：「青青陵上松，亭亭高山柏。」後形容女子苗條，姿態秀美。唐．獨孤及．和贈遠詩：「美人挾瑟對芳樹，玉顏亭亭與花雙。」遠貌。文選．曹丕．雜詩二首之二：「西北有浮雲，亭亭如車蓋。」文選．謝靈運．泛湖歸出樓中玩月詩：「亭亭映江月，瀏瀏出谷飆。」高潔貌。後漢書．卷六十下．蔡邕傳：「情志泊兮心亭亭，嗜欲息兮無由生。」
渟渟,NA,NA,"NA"
渟濙,NA,NA,"NA"
渟瀯,NA,NA,"NA"
町畽,tǐng tuǎn,ㄊㄧㄥˇ ㄊㄨㄢˇ,田舍房邊的空地。詩經．豳風．東山：「町畽鹿場，燿燿宵行。」禽獸踐踏的地方。
町疃,NA,NA,"NA"
曈曈,tóng tóng,ㄊㄨㄥˊ ㄊㄨㄥˊ,天將亮時由暗轉明的樣子。唐．元稹．鶯鶯傳：「華光猶苒苒，旭日漸曈曈。」
曈曚,NA,NA,"NA"
曈曨,tóng lóng,ㄊㄨㄥˊ ㄌㄨㄥˊ,太陽初升時由暗而明的樣子。比喻文章由隱而顯。文選．陸機．文賦：「其致也，情曈曨而彌鮮，物昭晢而互進。」
氃氋,tóng méng,ㄊㄨㄥˊ ㄇㄥˊ,毛散亂的樣子。南朝宋．劉義慶．世說新語．排調：「昔羊叔子有鶴善舞，嘗向客稱之。客試使驅來，氃氋而不肯舞。」亦作「氋氃」。
瞳矇,tóng méng,ㄊㄨㄥˊ ㄇㄥˊ,蒙昧無知。漢．王充．論衡．自然：「三皇之時，坐者于于，行者居居，乍自以為馬，乍自以為牛，純德行而民瞳矇，曉惠之心未形生也。」後漢書．卷六十下．蔡邕傳：「童子不問疑於老成，瞳矇不稽謀於先生。」
膧朧,NA,NA,"NA"
膧䑃,NA,NA,"NA"
突兀,tú wù,ㄊㄨˊ ㄨˋ,高聳的樣子。唐．韓愈．謁衡嶽廟遂宿嶽寺題門樓詩：「須臾靜掃眾峰出，仰見突兀撐青空。」反凹陷唐突意外。文明小史．第二十五回：「當下公民忽說出那句突兀的話來，大家驚問所以。」
秃兀,NA,NA,"NA"
慱慱,tuán tuán,ㄊㄨㄢˊ ㄊㄨㄢˊ,憂勞。詩經．檜風．素冠：「庶見素冠兮，棘人欒欒兮，勞心慱慱兮。」
啍啍,tūn tūn,ㄊㄨㄣ ㄊㄨㄣ,遲重緩慢的樣子。詩經．王風．大車：「大車啍啍，毳衣如璊。」多言。孔子家語．卷一．五儀解：「無取啍啍，捷捷貪也，鉗鉗亂也，啍啍誕也。」
暾暾,tūn tūn,ㄊㄨㄣ ㄊㄨㄣ,日光明亮的樣子。唐．岑參．春尋河陽陶處士別業詩：「風暖日暾暾，黃鸝飛近村。」火光熾盛的樣子。新唐書．卷二十四．五行志一：「是歲，洪州、潭州災，延燒州署，州人見有物赤而暾暾飛來，旋即火發。」
焞焞,NA,NA,"NA"
忳忳,tún tún,ㄊㄨㄣˊ ㄊㄨㄣˊ,憂傷煩悶的樣子。楚辭．屈原．九章．惜誦：「申侘傺之煩惑兮，中悶瞀之忳忳。」
忳忳,tún tún,ㄊㄨㄣˊ ㄊㄨㄣˊ,憂傷煩悶的樣子。楚辭．屈原．九章．惜誦：「申侘傺之煩惑兮，中悶瞀之忳忳。」
忳忳,tún tún,ㄊㄨㄣˊ ㄊㄨㄣˊ,憂傷煩悶的樣子。楚辭．屈原．九章．惜誦：「申侘傺之煩惑兮，中悶瞀之忳忳。」
脫然,NA,NA,"NA"
脫脫,NA,NA,"NA"
橐橐,tuó tuó,ㄊㄨㄛˊ ㄊㄨㄛˊ,狀聲詞：(1)​ 形容杵聲。詩經．小雅．斯干：「約之閣閣，椓之橐橐。」(2)​ 形容步履聲。如：「一陣橐橐的皮鞋聲在石板路上響起來。」
陁靡,NA,NA,"NA"
妥帖,tuǒ tiē,ㄊㄨㄛˇ ㄊㄧㄝ,穩妥得當。文選．陸機．文賦：「或妥帖而易施，或岨峿而不安。」儒林外史．第四十三回：「這書是杜少卿哥寄來的，說臧岐為人甚妥帖，薦來給大爺、二爺使喚。」近停當、妥當、妥善、恰當亦作「妥貼」。平靜、寧靜。唐．陸龜蒙．奉和襲美太湖詩二十首之一：「斯須風妥帖，若受命平秩。」
哇,NA,NA,"NA"
蜿蜒,wǎn yán,ㄨㄢˇ ㄧㄢˊ,蛇類行走的樣子。三國．魏．曹植．九愁賦：「御飛龍之蜿蜒，揚翠霓之華旌。」聊齋志異．卷一．蛇人：「既去，頃之復來，蜿蜒笥外。」曲折延伸的樣子。漢．李尤．德陽殿賦：「連璧組之潤漫，雜虯文之蜿蜒。」反筆直亦作「宛延」。
蜿蜿,wǎn wǎn,ㄨㄢˇ ㄨㄢˇ,龍蛇行走的樣子。晉書．卷二十三．樂志下：「龍飛何蜿蜿，鳳翔何翽翽。」文選．張衡．西京賦：「海鱗變而成龍，狀蜿蜿以蝹蝹。」彎曲的樣子。唐．李賀．五粒小松歌：「蛇子蛇孫鱗蜿蜿，新香幾粒洪厓飯。」
汍瀾,wán lán,ㄨㄢˊ ㄌㄢˊ,流淚、哭泣的樣子。文選．陸機．弔魏武帝文：「氣衝襟以嗚咽，涕垂睫而汍瀾。」宋．無名氏．李師師外傳：「知師師死狀，猶不自禁其涕泣之汍瀾也。」
汍蘭,NA,NA,"NA"
頑鈍,wán dùn,ㄨㄢˊ ㄉㄨㄣˋ,愚呆。後漢書．卷二十三．竇融傳：「臣融年五十三。有子年十五，質性頑鈍。」反精乖無氣節。史記．卷五十六．陳丞相世家：「然大王能饒人以爵邑，士之頑鈍嗜利無恥者亦多歸漢。」鈍刀。漢．劉向．說苑．卷十七．雜言：「良醫之門多疾人，砥礪之旁多頑鈍。」
婉戀,NA,NA,"NA"
宛宛,wǎn wǎn,ㄨㄢˇ ㄨㄢˇ,盤旋屈曲的樣子。文選．司馬相如．封禪文：「宛宛黃龍，興德而升。」山路蜿蜒曲折。唐．張祜．車遙遙詩：「碧川迢迢山宛宛，馬蹄在耳輪在眼。」柔弱的樣子。清．納蘭性德．秋千索．淥水亭春望詞：「煙絲宛宛愁縈挂，賸幾筆晚晴圖畫。」
婉轉,wǎn zhuǎn,ㄨㄢˇ ㄓㄨㄢˇ,曲折、委曲。南朝梁．武帝．紫蘭始萌詩：「芬芳與時發，婉轉迎節生。」亦作「宛轉」。含蓄委婉。如：「瞧她含羞帶怯的模樣，真是婉轉可人。」近委婉亦作「宛轉」。輾轉。淮南子．精神：「生不足以挂志，死不足以幽神。屈伸俛仰，抱命而婉轉。」調停、斡旋。初刻拍案驚奇．卷二十五：「而今小弟且把一封書打動他，做個媒兒，煩宗丈與小可婉轉則個。」亦作「宛轉」。形容聲音悅耳動人。唐．高璩．和薛逢贈別詩：「歌聲婉轉添長恨，管色淒涼似到秋。」亦作「宛轉」。綢繆。文選．潘岳．射雉賦：「蕭森繁茂，婉轉輕利。」
琬琰,wǎn yǎn,ㄨㄢˇ ㄧㄢˇ,琬圭及琰圭。泛指美玉。書經．顧命：「弘璧、琬琰在西序。」楚辭．屈原．遠遊：「吸飛泉之微液兮，懷琬琰之華英。」比喻君子的德性。南史．卷三十九．劉勔傳：「文史該富，琬琰為心，辭章博贍，玄黃成采。」
菀菀,NA,NA,"NA"
汪洋,wāng yáng,ㄨㄤ ㄧㄤˊ,水勢浩大。楚辭．王襃．九懷．蓄英：「臨淵兮汪洋，顧林兮忽荒。」比喻氣度寬宏。南朝梁．劉孝威．重光詩：「風神瀟落，容止汪洋。」唐．韋應物．郡齋雨中與諸文士燕集詩：「吳中盛文史，群彥今汪洋。」比喻文章氣勢盛大。新唐書．卷一七六．韓愈傳．贊曰：「橫騖別驅，汪洋大肆。」形容非常恢宏深廣。唐．沈佺期．則天門赦改年詩：「歌舞將金帛，汪洋被遠黎。」唐．韓愈．殿中侍御史李君墓誌銘：「其說汪洋奧美，關節開解。」
汪漾,NA,NA,"NA"
汪翔,NA,NA,"NA"
汪汪,wāng wāng,ㄨㄤ ㄨㄤ,深廣的樣子。文選．班固．典引：「汪汪乎丕天之大律，其疇能亘之哉。」南朝梁．元帝．光宅寺大僧正法師碑：「昂昂千里，孰辨麒麟之蹤？汪汪萬頃，誰識波瀾之際？」形容人的氣度恢宏寬大。後漢書．卷五十三．黃憲傳：「叔度汪汪若千頃陂，澄之不清，淆之不濁，不可量也。」淚水盈眶或液體瑩澈的樣子。唐．盧綸．與張擢對酌詩：「張老聞此詞，汪汪淚盈目。」紅樓夢．第二十五回：「因而故意裝作失手，把那一盞油汪汪的蠟燈向寶玉臉上只一推。」狀聲詞。形容狗叫的聲音。董西廂．卷六：「恰拈了冠兒，鬆開裙帶，汪汪的狗兒吠，順風聽得喊聲一派。」元．范康．竹業舟．第三折：「我這裡將半橛孤樁船纜住，則聽得汪汪犬吠竹林幽。」
往往,wǎng wǎng,ㄨㄤˇ ㄨㄤˇ,每每、常常。唐．杜甫．飲中八僊歌：「蘇晉長齋繡佛前，醉中往往愛逃禪。」大宋宣和遺事．元集：「今之官府，督取甚急，往往鞭撻人民取足，至有伐葉為薪以易錢貨。」近每每、通常、經常、常常、時時反不常處處。管子．度地：「令下貧守之，往往而為界，可以毋敗。」魏書．卷四十二．堯暄傳：「初，暄使徐州，見州城樓觀，嫌其華盛，乃令往往毀撤，由是後更損落。」
惘惘,wǎng wǎng,ㄨㄤˇ ㄨㄤˇ,失意的樣子。唐．韓愈．送殷員外序：「出門惘惘，有離別可憐之色。」
瀇漾,NA,NA,"NA"
旺相,wàng xiàng,ㄨㄤˋ ㄒㄧㄤˋ,陰陽家指得時運。漢．王充．論衡．命祿：「春夏囚死，秋冬旺相，非能為之也。」通俗編．祝誦：「按陰陽家書五行，遞旺于四時，凡動作宜乘旺相之氣。如春三月則木旺、火相、土死、金囚、水休。夏三月則火旺、土相、金死、水囚、木休。故俗語以凡得時為旺相，生時為休囚也。」旺盛、興隆。元．李好古．張生煮海．第三折：「鍋裡水滿了也，再放這枚金錢在內，用水燒著，只要火氣十分旺相，一時間將此水煎滾起來。」醒世恆言．卷三十五．徐老僕義憤成家：「前日聞得你生意十分旺相，今番又趁若干利息？」
望洋,wàng yáng,ㄨㄤˋ ㄧㄤˊ,仰視。莊子．秋水：「河伯始旋其面目，望洋向若而歎。」或作「望羊」、「望陽」。
崴嵬,wēi wéi,ㄨㄟ ㄨㄟˊ,高而不平的樣子。楚辭．屈原．九章．抽思：「軫石崴嵬，蹇吾願兮。」
萎約,NA,NA,"NA"
萎腇,NA,NA,"NA"
萎蕤,wěi ruí,ㄨㄟˇ ㄖㄨㄟˊ,植物名。百合科黃精屬，多年生草本。莖高一、二尺，生於山野中。葉互生，橢圓形或卵形，有平行脈。初夏開小筒狀花，色白帶綠。根莖可製澱粉，或供食用，又可為外用藥。
葳蕤,wēi ruí,ㄨㄟ ㄖㄨㄟˊ,形容枝葉繁密，草木茂盛的樣子。文選．王粲．公讌詩：「昊天降豐澤，百卉挺葳蕤。」唐．張九齡．感遇詩十二首之一：「蘭葉春葳蕤，桂華秋皎潔。」形容委靡不振，慵懶怠惰。紅樓夢．第二十六回：「襲人曰：『你出去了就好了。只管這麼葳蕤，越發心裡煩膩。』寶玉無精打彩的，只得依他。」
逶迤,wēi yí,ㄨㄟ ㄧˊ,彎曲回旋的樣子。文選．古詩十九首．東城高且長：「東城高且長，逶迤自相屬。」唐．韓愈．送李翱詩：「廣州萬里途，山重江逶迤。」
唯唯,wěi wěi,ㄨㄟˇ ㄨㄟˇ,恭敬應諾之詞。漢書．卷五十七．司馬相如傳上：「齊王曰：『雖然，略以子之所聞見言之。』僕對曰：『唯唯。臣聞楚有七澤，嘗見其一，未睹其餘也。』」聊齋志異．卷十一．王者：「明日，衣冠者召之去，曰：『今日可見矣。』州佐唯唯。」
嵬嵬,wéi wéi,ㄨㄟˊ ㄨㄟˊ,高大的樣子。樂府詩集．卷三十九．相和歌辭十四．古辭．豔歌行：「南山石嵬嵬，松柏何離離。」初刻拍案驚奇．卷二十八：「嵬嵬宮殿，虯松鎮碧瓦朱扉。」
巍巍,wéi wéi,ㄨㄟˊ ㄨㄟˊ,崇高雄偉的樣子。論語．泰伯：「巍巍乎，舜禹之有天下也，而不與焉。」何晏．集解：「巍巍，高大之稱。」三國演義．第五十六回：「時有王朗、鐘繇、王粲、陳琳一班文官，進獻詩章。詩中多有稱頌曹操功德巍巍，合當受命之意。」
巍峨,wéi é,ㄨㄟˊ ㄜˊ,高大聳立的樣子。唐．孟郊．自歎詩：「太行聳巍峨，是天產不平。」初刻拍案驚奇．卷一：「舟中望去，人煙湊聚，城郭巍峨，曉得是到了甚麼國都了。」近高大、高峻、嵬峨亦作「嵬峨」。醉酒的樣子。宋．張君房．雲笈七籤．卷一一一．扈謙：「扈謙者，魏郡人也。性縱誕，不恥惡衣食，好飲酒，……日常作巍峨。」亦作「嵬峨」。
巍峩,NA,NA,"NA"
亹亹,wěi wěi,ㄨㄟˇ ㄨㄟˇ,連續而不倦怠。詩經．大雅．文王：「亹亹文王，令聞不已。」三國演義．第六十九回：「輅亹亹而談，言言精奧。」往前進的樣子。楚辭．宋玉．九辯:「時亹亹而過中兮，蹇淹留而無成。」
娓娓,wěi wěi,ㄨㄟˇ ㄨㄟˇ,勤勉不倦的樣子，常用來形容談論不倦。如：「娓娓道來」、「娓娓動聽」。
委蛇,wēi yí,ㄨㄟ ㄧˊ,從容自得的樣子。詩經．召南．羔羊：「退食自公，委蛇委蛇。」鄭玄．箋：「委蛇，委曲自得之貌。」蜿蜒曲折的樣子。楚辭．屈原．離騷：「駕八龍之婉婉兮，載雲旗之委蛇。」蛇行，俯伏爬行的樣子。史記．卷六十九．蘇秦傳：「嫂委蛇蒲服，以面掩地而謝。」聊齋志異．卷一．宅妖：「近扶之，膩然而倒，委蛇入壁，移時始沒。」隨順的樣子。莊子．應帝王：「吾與之虛而委蛇。」成玄英．疏：「委蛇，隨順之貌也。」今亦指與人勉強酬應，虛應敷衍的樣子。
暐暐,NA,NA,"NA"
韡韡,wěi wěi,ㄨㄟˇ ㄨㄟˇ,光明盛大的樣子。詩經．小雅．常棣：「常棣之華，鄂不韡韡。」
鬱鬱,yù yù,ㄩˋ ㄩˋ,文采美盛的樣子。論語．八佾：「周監於二代，郁郁乎文哉，吾從周。」香氣濃烈的樣子。文選．司馬相如．上林賦：「郁郁菲菲，眾香發越。」悶悶不樂。史記．卷九十二．淮陰侯傳：「吾亦欲東耳，安能鬱鬱久居此乎？」近邑邑茂盛的樣子。文選．古詩十九首．青青河畔草：「青青河畔草，鬱鬱園中柳。」芳香。文選．劉孝標．廣絕交論：「且心同琴瑟，言鬱郁於蘭茝。」李善．注：「鬱郁，香也。」
蔚蔚,yù yù,ㄩˋ ㄩˋ,悶悶不樂的樣子。後漢書．卷五十九．張衡傳：「愁蔚蔚以慕遠兮，越卬州而愉敖。」漢．仲長統．昌言．理亂：「彼之蔚蔚皆匈（胸）​詈腹詛，幸我之不成，而以奮其前志，詎肯用此為終死之分耶？」
蔚結,NA,NA,"NA"
鬱悒,yù yì,ㄩˋ ㄧˋ,鬱悶憂愁的樣子。文選．司馬遷．報任少卿書：「顧自以為身殘處穢，動而見尤，欲益反損，是以獨鬱悒而與誰語。」近愁悶反歡暢亦作「壹鬱」、「鬱邑」。
汶汶,NA,NA,"NA"
滃滃,wěng wěng,ㄨㄥˇ ㄨㄥˇ,雲氣起的樣子。漢．賈誼．旱雲賦：「遙望白雲之蓬勃兮，滃滃澹澹而妄止。」
蓊茸,wěng rǒng,ㄨㄥˇ ㄖㄨㄥˇ,茂盛的樣子。文選．左思．吳都賦：「橚矗森萃，蓊茸蕭瑟。」既亂又密的樣子。文選．張衡．南都賦：「阿那蓊茸，風靡雲披。」
蓊鬱,wěng yù,ㄨㄥˇ ㄩˋ,草木茂盛的樣子。草木茂盛的樣子。文選．左思．蜀都賦：「楩柟幽藹於谷底，松柏蓊鬱於山峰。」或作「蓊蔚」、「鬱蓊」。雲氣濃密的樣子。三國．魏．曹丕．感物賦：「瞻玄雲之蓊鬱，仰沉陰之杳冥。」亦作「鬱蓊」。
倭墮,NA,NA,"NA"
倭遲,wēi chí,ㄨㄟ ㄔˊ,迂迴遙遠的樣子。詩經．小雅．四牡：「四牡騑騑，周道倭遲。」
婐㛂,NA,NA,"NA"
偓促,NA,NA,"NA"
握齱,NA,NA,"NA"
涴演,NA,NA,"NA"
齷齪,wò chuò,ㄨㄛˋ ㄔㄨㄛˋ,拘於瑣碎，限於狹隘。南朝宋．鮑照．代放歌行：「小人自齷齪，安知曠士懷？」唐．王勃．秋日遊蓮池序：「人間齷齪，抱風雲者幾人？」反大方、大量或作「握齪」。不乾淨。宋．陸游．六月二十五日曉出郊詩：「短衣射虎性所樂，不耐齷齪垂車幨。」文明小史．第十回：「我這棧房裡齷齪得很，而且是個小地方，不是你大人可以常來的。」近腌臢、骯髒、汙穢反乾潔、純潔
嗚呼,wū hū,ㄨ ㄏㄨ,感嘆詞。書經．五子之歌：「嗚呼曷歸，予懷之悲。」近於乎、於戲或作「於乎」、「於戲」、「烏乎」、「烏呼」、「烏虖」、「嗚虖」。讚嘆詞。書經．旅獒：「嗚呼！明王慎德，四夷咸賓。」借指死亡。紅樓夢．第十六回：「自己氣的老病發作，三五日光景，嗚呼死了。」
嗚乎,NA,NA,"NA"
嗚虖,NA,NA,"NA"
嗚嗚,wū wū,ㄨ ㄨ,形容歡唱、呼叫的聲音。史記．卷八十七．李斯傳：「夫擊甕、叩缶、彈箏、搏髀，而歌呼嗚嗚快耳者，真秦之聲也。」形容低沉、幽怨的聲音。宋．蘇軾．赤壁賦：「其聲嗚嗚然，如怨如慕，如泣如訴。」狀聲詞。形容汽笛的聲音。如：「汽笛嗚嗚的響起，船就要開了。」
嗚咽,wū yè,ㄨ ㄧㄝˋ,悲傷哭泣。紅樓夢．第三回：「摟了黛玉在懷，又嗚咽起來。眾人忙都寬慰解釋，方略略止住。」清．方苞．左忠毅公軼事：「史前跪，抱公膝而嗚咽。」近啜泣亦作「於邑」、「嗚唈」。形容淒涼低沉的聲音。漢．蔡琰．胡笳十八拍：「夜聞隴水兮聲嗚咽，朝見長城兮路沓漫。」唐．溫庭筠．更漏子．背江樓詞：「背江樓、臨海月，城上角聲嗚咽。」
烏呼,wū hū,ㄨ ㄏㄨ,感嘆詞。金文作「烏虖」或「烏乎」、「於虖」等。亦作「嗚呼」。
烏乎,NA,NA,"NA"
烏虖,NA,NA,"NA"
嫵媚,wǔ mèi,ㄨˇ ㄇㄟˋ,形容女子姿態嬌美可愛的樣子。文選．司馬相如．上林賦：「柔橈嫚嫚，嫵媚纖弱。」初刻拍案驚奇．卷二十：「可憐嫵媚清閨女，權作追隨宦室人！」近嬌媚、娟秀形容景致優美動人。宋．辛棄疾．賀新郎．甚矣吾衰矣詞：「我見青山多嫵媚，料青山、見我應如是。」
兀兀,wù wù,ㄨˋ ㄨˋ,高聳矗立的樣子。唐．楊乘．南徐春日懷古詩：「興亡山兀兀，今古水渾渾。」明．朱權．荊釵記．第十九齣：「巍巍駕海紫金梁，兀兀擎天碧玉柱。」依然。金．元好問．雁門道中書所見詩：「金城留旬浹，兀兀醉歌舞。」勞苦不息的樣子。唐．韓愈．進學解：「焚膏油以繼晷，恆兀兀以窮年。」
喑噁,NA,NA,"NA"
矹矹,NA,NA,"NA"
阢隉,wù niè,ㄨˋ ㄋㄧㄝˋ,危險不安。亦作「杌隉」。
唏,NA,NA,"NA"
嘻,NA,NA,"NA"
巇險,NA,NA,"NA"
險巇,xiǎn xī,ㄒㄧㄢˇ ㄒㄧ,艱困險阻。文選．馬融．長笛賦：「夫固危殆險巇之所迫也，眾哀集悲之所積也。」文選．劉孝標．廣絕交論：「嗚呼！世路險巇，一至於此。」亦作「險戲」。
希夷,xī yí,ㄒㄧ ㄧˊ,原指道的本體無聲無色。語本老子．第十四章：「視之不見名曰夷，聽之不聞名曰希。」後用以指虛空玄妙。唐．柳宗元．愚溪詩序：「以愚辭歌愚溪，則茫然而不違，昏然而同歸，超鴻蒙，混希夷，寂寥而莫我知也。」靈芝的別名。見「靈芝」條。
恓恓,NA,NA,"NA"
恓惶,xī huáng,ㄒㄧ ㄏㄨㄤˊ,驚恐煩惱的樣子。唐．韋應物．簡盧陟詩：「恓惶戎旅下，蹉跎淮海濱。」大唐三藏取經詩話上：「前去路途盡是虎狼蛇兔之處，逢人不語，萬種恓惶。」
恓屑,NA,NA,"NA"
析析,xī xī,ㄒㄧ ㄒㄧ,狀聲詞。形容風吹草木搖動的聲音。文選．謝靈運．鄰里相送方山詩：「析析就衰林，皎皎明秋月。」文選．謝靈運．七月七日夜詠牛女詩：「團團滿葉露，析析振條風。」
欷,NA,NA,"NA"
歙歙,xì xì,ㄒㄧˋ ㄒㄧˋ,心無所偏執的樣子。老子．第四十九章：「聖人在天下，歙歙為天下渾其心。」朋比為奸，眾口附和的樣子。漢書．卷三十六．楚元王劉交傳：「眾小在位而從邪議，歙歙相是而背君子。」亦作「翕翕」、「潝潝」。
淅,NA,NA,"NA"
淅淅,xī xī,ㄒㄧ ㄒㄧ,形容風、雨的聲音。唐．李咸用．聞泉詩：「淅淅夢初驚，幽窗枕簟清。」元．李好古．張生煮海．第四折：「玉露冷冷，金風淅淅，中秋節序。」物體移動的聲音。唐．白居易．竹窗詩：「繞屋聲淅淅，逼人色蒼蒼。」
淅瀝,xī lì,ㄒㄧ ㄌㄧˋ,形容風雨、霜雪、落葉等聲音。文選．謝惠連．雪賦：「霰淅瀝而先集，雪紛糅而遂多。」紅樓夢．第四十五回：「又聽見窗外竹梢蕉葉之上雨聲淅瀝，清寒透幔，不覺又滴下淚來。」
溪刻,NA,NA,"NA"
翕赩,xì xì,ㄒㄧˋ ㄒㄧˋ,充盛的樣子。文選．嵇康．琴賦：「珍怪琅玕，瑤瑾翕赩。」
翕赫,xì hè,ㄒㄧˋ ㄏㄜˋ,盛大的樣子。漢書．卷九十七．外戚傳下．孝成班倢伃傳：「蒙聖皇之渥惠兮，當日月之盛明；揚光烈之翕赫兮，奉隆寵於增成。」文選．揚雄．甘泉賦：「翕赫曶霍霧集而蒙合兮，半散昭爛粲以成章。」
翕然,xì rán,ㄒㄧˋ ㄖㄢˊ,和順的樣子。史記．卷一三○．太史公自序：「天下翕然，大安殷富。」忽然。聊齋志異．卷十一．竹青：「兩脇生翼，翕然凌空，經兩時許，已達漢水。」
翕,NA,NA,"NA"
肸肸,xì xì,ㄒㄧˋ ㄒㄧˋ,笑聲。宋．戴表元．八月十六日張園翫月得一字詩：「婆娑林端月，為我良久出。洗杯問勞苦，天女笑肸肸。」
肸蠁,xì xiǎng,ㄒㄧˋ ㄒㄧㄤˇ,散布瀰漫。指聲響或氣體的傳播。文選．左思．吳都賦：「光色炫晃，芳馥肸蠁。」
習習,xí xí,ㄒㄧˊ ㄒㄧˊ,舒和的樣子。詩經．邶風．谷風：「習習谷風，以陰以雨。」儒林外史．第三十三回：「趁著這春光融融，和氣習習，憑在欄杆上，留連痛飲。」飛動的樣子。文選．左思．詠史詩八首之八：「習習籠中鳥，舉翮觸四隅。」盛多的樣子。文選．左思．魏都賦：「習習冠蓋，莘莘蒸徒。」行走的樣子。文選．張衡．東京賦：「肅肅習習，隱隱轔轔。」
襲雜,NA,NA,"NA"
徙倚,xǐ yǐ,ㄒㄧˇ ㄧˇ,徘徊。楚辭．屈原．遠遊：「步徙倚而遙思兮，怊惝怳而乖懷。」文選．古詩十九首．凜凜歲云暮：「徙倚懷感傷，垂涕沾雙扉。」
洗然,xiǎn rán,ㄒㄧㄢˇ ㄖㄢˊ,肅敬莊嚴的樣子。文選．潘岳．夏侯常侍誄：「子乃洗然，變色易容。」恬靜安適的樣子。文選．潘岳．為賈謐作贈陸機詩：「吾子洗然，恬淡自逸。」唐．杜甫．營屋詩：「洗然順所適，此足代加餐。」明朗清晰，有條不紊的樣子。新唐書．卷一二七．張嘉貞傳：「循憲召見，咨以事。嘉貞條析理分，莫不洗然。」唐．司空圖．月下留丹灶詩．序：「跡雖顯奇，道必體正，故為物怪之所中者。見之莫不洗然。」
嚱,NA,NA,"NA"
屭奰,NA,NA,"NA"
屓奰,NA,NA,"NA"
孅趨,xiān qū,ㄒㄧㄢ ㄑㄩ,過分謙虛恭敬。史記．卷一二七．褚少孫補日者傳：「卑疵而前，孅趨而言。」
纖纖,xiān xiān,ㄒㄧㄢ ㄒㄧㄢ,微細。荀子．大略：「禍之所由生也，生自纖纖也。」細而尖。文選．鮑照．翫月城西門解中詩：「始見西南樓，纖纖如玉鉤。」唐．韓愈．答張十一功曹詩：「篔簹競長纖纖筍，躑躅閒開豔豔花。」細柔嫵媚的樣子。文選．古詩十九首．青青河畔草：「娥娥紅粉妝，纖纖出素手。」樂府詩集．卷七十三．雜曲歌辭十三．古辭．焦仲卿妻：「纖纖作細步，精妙世無雙。」
孅孅,NA,NA,"NA"
躚躚,xiān xiān,ㄒㄧㄢ ㄒㄧㄢ,舞動的美妙姿態。文選．左思．蜀都賦：「紆長袖而屢舞，翩躚躚以裔裔。」
涎涎,NA,NA,"NA"
險巇,xiǎn xī,ㄒㄧㄢˇ ㄒㄧ,艱困險阻。文選．馬融．長笛賦：「夫固危殆險巇之所迫也，眾哀集悲之所積也。」文選．劉孝標．廣絕交論：「嗚呼！世路險巇，一至於此。」亦作「險戲」。
睍睆,xiàn huǎn,ㄒㄧㄢˋ ㄏㄨㄢˇ,明亮美好的樣子。詩經．邶風．凱風：「睍睆黃鳥，載好其音。」西湖二集．卷十二：「黃鶯睍睆，紫燕呢喃，柳枝頭，湖草岸，奏數部管弦。」
忀徉,NA,NA,"NA"
相羊,xiāng yáng,ㄒㄧㄤ ㄧㄤˊ,漫游、徘徊。楚辭．屈原．離騷：「折若木以拂日兮，聊逍遙以相羊。」文選．張衡．西京賦：「相羊乎五柞之館，旋憩乎昆明之池。」或作「相佯」、「襄羊」、「翔羊」。
象罔,NA,NA,"NA"
嘐嘐,xiāo xiāo,ㄒㄧㄠ ㄒㄧㄠ,形容言語誇張、言行不一致。孟子．盡心下：「何以謂之狂也？曰：『其志嘐嘐然。』」
嘐嘐,xiāo xiāo,ㄒㄧㄠ ㄒㄧㄠ,形容言語誇張、言行不一致。孟子．盡心下：「何以謂之狂也？曰：『其志嘐嘐然。』」
嘵嘵,xiāo xiāo,ㄒㄧㄠ ㄒㄧㄠ,恐懼聲。詩經．豳風．鴟鴞：「予室翹翹，風雨所漂搖，予維音嘵嘵。」爭辯聲。唐．韓愈．重答張籍書：「擇其可語者誨之，猶時與吾悖，其聲嘵嘵。」多言的樣子。初刻拍案驚奇．卷一：「口中嘵嘵說：『悔氣！來得遲了。』」聊齋志異．卷十．胭脂：「彼嘵嘵者直以桎梏靜之，何怪覆盆之下多沉冤哉！」
囂囂,xiāo xiāo,ㄒㄧㄠ ㄒㄧㄠ,無欲自得的樣子。孟子．盡心上：「人知之，亦囂囂；人不知，亦囂囂。」言語紛紜的樣子。詩經．小雅．十月之交：「無罪無辜，讒口囂囂。」
囂囂,xiāo xiāo,ㄒㄧㄠ ㄒㄧㄠ,無欲自得的樣子。孟子．盡心上：「人知之，亦囂囂；人不知，亦囂囂。」言語紛紜的樣子。詩經．小雅．十月之交：「無罪無辜，讒口囂囂。」
囂藹,NA,NA,"NA"
歊歊,NA,NA,"NA"
消息,xiāo xí,ㄒㄧㄠ ㄒㄧˊ,比喻榮枯盛衰。易經．豐卦：「天地盈虛，與時消息。」音信、訊息。唐．杜甫．哀江頭詩：「清渭東流劍閣深，去住彼此無消息。」文明小史．第三回：「已經得了外面消息，怕有考童鬧事。」近新聞、信息、訊息、音信、音訊祕密、訣竅。水滸傳．第四十七回：「左來右去，只走了死路，又不曉的白楊樹轉灣抹角的消息。」機關的樞紐。紅樓夢．第四十一回：「不意劉老老亂摸之間，其力巧合，便撞開了消息，掩過鏡子，露出門來。」三俠五義．第六十三回：「伸手一摸，似乎活的。摸了多時，可巧手指一按，只聽咯噔一聲，將消息滑開，卻是個轉身門兒。」亦稱為「泛子」、「消息兒」。
瀟瀟,xiāo xiāo,ㄒㄧㄠ ㄒㄧㄠ,風狂雨驟的樣子。詩經．鄭風．風雨：「風雨瀟瀟，雞鳴膠膠。」明．無名氏．尋親記．第三齣：「雨瀟瀟似銀燭千條，瀉平地頓成滄海。」
瀟瀟,xiāo xiāo,ㄒㄧㄠ ㄒㄧㄠ,風狂雨驟的樣子。詩經．鄭風．風雨：「風雨瀟瀟，雞鳴膠膠。」明．無名氏．尋親記．第三齣：「雨瀟瀟似銀燭千條，瀉平地頓成滄海。」
瀟灑,xiāo sǎ,ㄒㄧㄠ ㄙㄚˇ,形容人清高絕俗、灑脫不羈。唐．杜甫．飲中八僊歌：「宗之瀟灑美少年，舉觴白眼望青天。」紅樓夢．第四回：「三則公私冗雜，且素性瀟灑，不以俗務為要。」近飄逸、俊逸、超脫、灑脫反呆鈍、落拓亦作「蕭灑」。淒涼、悲楚。宋．周邦彥．塞垣春．暮色分平野詞：「漸別離氣味難禁也，更物象，供瀟灑。」元．王修甫．鬥鵪鶉．闕蓋荷枯套．小桃紅曲：「西風夜送廉纖雨，清燈一點，知人瀟灑，相伴影兒孤。」
蕭灑,xiāo sǎ,ㄒㄧㄠ ㄙㄚˇ,形容人清高絕俗、灑脫不羈。文選．孔稚珪．北山移文：「夫以耿介拔俗之標，蕭灑出塵之想，度白雪以方絜，干青雲而直上，吾方知之矣。」近飄逸、灑脫反土氣、拘泥亦作「瀟灑」。
瀟條,NA,NA,"NA"
蕭條,xiāo tiáo,ㄒㄧㄠ ㄊㄧㄠˊ,寂寥冷清的樣子。文選．曹植．贈白馬王彪詩：「原野何蕭條，白日忽西匿。」唐．岑參．山房春事詩：「梁園日暮亂飛鴉，極目蕭條三兩家。」近冷落、荒涼、蕭瑟、蕭索反繁華、繁盛、繁榮、興旺、熱鬧經濟不景氣。
瀟森,NA,NA,"NA"
蕭森,xiāo sēn,ㄒㄧㄠ ㄙㄣ,幽寂冷清。唐．杜甫．秋興詩八首之一：「玉露凋傷楓樹林，巫山巫峽氣蕭森。」錯落疏立。北魏．酈道元．水經注．江水注：「林木蕭森，離離蔚蔚，乃在霞氣之表。」
瀟瑟,NA,NA,"NA"
蕭瑟,xiāo sè,ㄒㄧㄠ ㄙㄜˋ,秋風瑟縮。楚辭．宋玉．九辯：「蕭瑟兮，草木搖落而變衰。」宋．蘇軾．滿江紅．江漢西來詞：「空洲對鸚鵡，葦花蕭瑟。」寂靜冷清。文選．張協．七命：「其居也，崢嶸幽藹，蕭瑟虛玄。」清．譚獻．桂枝香．瑤流自碧詞：「拾翠汀洲，密意總成蕭瑟。」反繁榮
瀟索,NA,NA,"NA"
蕭索,xiāo suǒ,ㄒㄧㄠ ㄙㄨㄛˇ,雲氣飄流往來的樣子。南朝宋．謝惠連．雪賦：「散漫交錯，氛氳蕭索。」冷落衰頹的樣子。文選．江淹．恨賦：「秋日蕭索，浮雲無光。」唐．陳鴻．長恨傳：「黃埃散漫風蕭索，雲棧縈紆登劍閣。」近蕭條反繁榮衰敗、不景氣。初刻拍案驚奇．卷三十一：「家道蕭索，衣食不足。」紅樓夢．第七十八回：「如今的這寧榮兩門也都蕭索了，不比先時的光景。」近蕭條反繁榮
瀟率,NA,NA,"NA"
蕭率,NA,NA,"NA"
蕭肅,NA,NA,"NA"
蕭閒,NA,NA,"NA"
閒閒,jiān jiān,ㄐㄧㄢ ㄐㄧㄢ,有所分別。莊子．齊物論：「大知閑閑，小知閒閒。」或作「間間」。從容優閒的樣子。詩經．魏風．十畝之間：「十畝之間兮，桑者閑閑兮。」唐．王維．歸嵩山作詩：「清川帶長薄，車馬去閑閑。」廣闊博大的樣子。莊子．齊物論：「大知閑閑，小知閒閒。」成玄英．疏：「閑閑，寬裕也。」動搖的樣子。漢書．卷一○○．敘傳下：「戎車七征，衝輣閑閑。」小孩學說話時的聲音。金瓶梅．第三十五回：「平安兒從新做了小孩兒，纔學閑閑。他又會頑，成日只踢毬兒耍子。」
蕭蕭,xiāo xiāo,ㄒㄧㄠ ㄒㄧㄠ,狀聲詞：(1)​ 形容馬鳴聲。唐．杜甫．兵車行：「車轔轔，馬蕭蕭，行人弓箭各在腰。」(2)​ 形容風聲。史記．卷八十六．刺客傳．荊軻傳：「風蕭蕭兮易水寒，壯士一去兮不復還。」(3)​形容落葉聲。唐．杜甫．登高詩：「無邊落木蕭蕭下，不盡長江袞袞來。」白髮稀疏的樣子。宋．陸游．南鄉子．早歲入皇州詞：「三十年來真一夢，堪愁。客路蕭蕭兩鬢秋。」金．元好問．石州慢．擊筑行歌詞：「漫漫長路，蕭蕭兩鬢黃塵，騎驢漫與行人語。」
蕭蔘,NA,NA,"NA"
澩㺒,NA,NA,"NA"
翛翛,xiāo xiāo,ㄒㄧㄠ ㄒㄧㄠ,鳥羽殘破的樣子。詩經．豳風．鴟鴞：「予羽譙譙，予尾翛翛。」狀聲詞。形容雨聲。宋．蘇軾．舟行至清遠縣見顧秀才詩：「江雲漠漠桂花濕，海雨翛翛荔子然。」
翛然,xiāo rán,ㄒㄧㄠ ㄖㄢˊ,毫無牽掛、自由自在的樣子。莊子．大宗師：「翛然而往，翛然而來而已矣。」明．今釋澹歸．八聲甘州．算軍持頻掛到於今詞：「有得相留戀，也合翛然。」
逍遙,NA,NA,"NA"
庨窌,NA,NA,"NA"
皛皛,NA,NA,"NA"
皛溔,NA,NA,"NA"
嘯,NA,NA,"NA"
頡頏,xié háng,ㄒㄧㄝˊ ㄏㄤˊ,鳥飛上飛下，跳躍的樣子。文選．張衡．歸田賦：「交頸頡頏，關關嚶嚶。」聊齋志異．卷一．王成：「進退頡頏，相持約一伏時，玉鶉漸懈。」不相上下。晉書．卷九十二．文苑傳．序：「頡頏名輩，並綜採繁縟。」明．李玉．占花魁．第二十三齣：「性度粗疏豪放，與劉伶伯仲，阮籍頡頏。」剛直傲慢。文選．夏侯湛．東方朔畫贊：「苟出不可以直道也，頡頏以傲世。」奇特的言辭。文選．揚雄．解嘲：「是故鄒衍以頡頏而取世資。」
頡滑,xié huá,ㄒㄧㄝˊ ㄏㄨㄚˊ,錯亂。莊子．徐无鬼：「頡滑有實，古今不代。」不正的言辭。莊子．胠篋：「知詐漸毒頡滑堅白解垢同異之變多，則俗惑於辨矣。」
泄泄,yì yì,ㄧˋ ㄧˋ,舒坦快樂的樣子。左傳．隱公元年：「姜出而賦：『大隧之外，其樂也洩洩！』」從容自在的樣子。詩經．邶風．雄雉：「雄雉于飛，泄泄其羽。」競進的樣子。詩經．大雅．板：「天之方蹶，無然泄泄。」
洩洩,yì yì,ㄧˋ ㄧˋ,舒坦快樂的樣子。左傳．隱公元年：「姜出而賦：『大隧之外，其樂也洩洩！』」從容自在的樣子。詩經．邶風．雄雉：「雄雉于飛，泄泄其羽。」競進的樣子。詩經．大雅．板：「天之方蹶，無然泄泄。」
渫渫,xiè xiè,ㄒㄧㄝˋ ㄒㄧㄝˋ,水流動的樣子。漢．無名氏．孤兒行：「淚下渫渫，清涕纍纍。」
浹渫,jiá xiè,ㄐㄧㄚˊ ㄒㄧㄝˋ,水流動的樣子。文選．郭璞．江賦：「長波浹渫，峻湍崔嵬。」
躞蹀,xiè dié,ㄒㄧㄝˋ ㄉㄧㄝˊ,小步行走的樣子。漢．卓文君．白頭吟：「躞蹀御溝上，溝水東西流。」或作「踕蹀」、「踥蹀」。馬行走的樣子。唐．白居易．和朝回與王鍊師遊南山下詩：「躞蹀退朝騎，飄飄隨風裾。」
蹀躞,dié xiè,ㄉㄧㄝˊ ㄒㄧㄝˋ,小步行走的樣子。唐．溫庭筠．錦鞵賦：「凌波微步瞥陳王，既蹀躞而容與。花塵香跡逢石氏，倐窈窕而呈姿。」近踥蹀亦作「疊燮」。往來頻繁的樣子。樂府詩集．卷四十七．清商曲辭四．吳聲歌曲四．嬌女詩二首之二：「蹀躞越橋上，河水東西流。」繁多的樣子。明．朱權．卓文君．第二折：「我則見繡屏開花枝蹀躞，綺窗閑花影重疊。」輕薄無行的言語。聊齋志異．卷四．胡世相公：「若個蹀躞語，不宜貴人出得！何便言狐子？恐吾家花姐不懽。」衣帶上的飾物。宋．陸游．軍中雜歌詩八首之四：「名王金冠玉蹀躞，面縛纛下聲呱呱。」遼史．卷一○五．二國外記傳．西夏傳：「金塗銀帶，佩蹀躞、解錐、短刀、弓矢。」
邂逅,xiè hòu,ㄒㄧㄝˋ ㄏㄡˋ,沒有事先約定而偶然相遇。三國演義．第三十七回：「備久聞二公大名，幸得邂逅。」儒林外史．第三十三回：「只道聞名不能見面，何圖今日邂逅高賢！」近相逢或作「解后」、「邂遘」。
欣欣,xīn xīn,ㄒㄧㄣ ㄒㄧㄣ,喜悅的樣子。詩經．大雅．鳧鷖：「旨酒欣欣，燔炙芬芬。」楚辭．屈原．九歌．東皇太一：「五音紛兮繁會，君欣欣兮康樂。」草木興盛繁榮的樣子。唐．張九齡．感遇詩十二首之一：「欣欣此生意，自爾為佳節。」宋．范成大．寒食郊行書事詩二首之二：「隴麥欣欣綠，山桃寂寂紅。」
訢訢,xīn xīn,ㄒㄧㄣ ㄒㄧㄣ,喜樂的樣子。淮南子．俶真：「使知之訢訢然，人樂其性者，仁也。」漢書．卷五十一．賈山傳：「天下皆訢訢焉，曰將興堯舜之道。」
惺忪,xīng sōng,ㄒㄧㄥ ㄙㄨㄥ,清醒、睡醒。宋．潘汾．玉蝴蝶．睡起日高鶯囀詞：「醉眼羞抬，嬌困猶自未惺忪。」明．湯顯祖．牡丹亭．第二十齣：「不隄防你後花園閒夢銃，不分明再不惺忪，睡臨侵打不起頭梢重。」或作「惺鬆」。形容聲音輕快悅耳。宋．晏幾道．醜奴兒．日高庭院楊花轉詞：「鶯語惺忪，似笑金屏昨夜空。」或作「惺鬆」。
惺鬆,NA,NA,"NA"
惺惺,xīng xīng,ㄒㄧㄥ ㄒㄧㄥ,聰明、伶俐。董西廂．卷一：「秦樓謝館鴛鴦幄，風流稍是有聲價，教惺惺浪兒每都伏咱。」西遊記．第二十七回：「今日昧著惺惺使糊塗，只教我回去。」清醒。宋．陸游．不寐詩：「困睫日中常欲閉，夜闌枕上卻惺惺。」形容聲音婉轉動聽。宋．陸游．初夏道中詩：「桑間葚熟麥齊腰，鶯語惺惺野雉驕。」董西廂．卷四：「何處調琴，惺惺地把醉魂呼醒？」虛情假意，扭捏做態。宋．劉克莊．臨江仙．玉笛鈿車當日事詞：「等閒曲子壓和凝。縱遊非草草，已醉強惺惺。」如：「假惺惺」。
行行,háng háng,  ㄏㄤˊ ㄏㄤˊ,各個行業。如：「三百六十行，行行出狀元。」每一行。如：「隊伍行進時，動作必須劃一，行行都要對齊。」剛強的樣子。論語．先進：「閔子侍側誾誾如也，子路行行如也。」慢步行走。通常形容走走停停，徘徊不進的樣子。文選．古詩十九首．行行重行行：「行行重行行，與君生別離。」施行、辦理。如：「行行好事」。
涬溟,NA,NA,"NA"
溟涬,NA,NA,"NA"
匈匈,xiōng xiōng,ㄒㄩㄥ ㄒㄩㄥ,喧嘩、吵嚷。莊子．在宥：「自三代以下者，匈匈焉，終以賞罰為事，彼何暇安其性命之情哉！」漢書．卷六十五．東方朔傳：「天不為人之惡寒而輟其冬，地不為人之惡險而輟其廣，君子不為小人之匈匈而易其行。」動亂不安。史記．卷七．項羽本紀：「天下匈匈數歲者，徒以吾兩人耳，願與漢王挑戰決雌雄，毋徒苦天下之民父子為也。」南史．卷七十．循吏傳．沈瑀傳：「不然人情匈匈，皆思改計；若不早圖，眾散難合。」
恟恟,NA,NA,"NA"
洶洶,xiōng xiōng,ㄒㄩㄥ ㄒㄩㄥ,水流騰湧的樣子。文選．宋玉．高唐賦：「濞洶洶其無聲兮，潰淡淡而並入。」文選．左思．吳都賦：「濞焉洶洶，隱焉礚礚。」喧鬧。楚辭．屈原．九章．悲回風：「憚涌湍之礚礚兮，聽波聲之洶洶。」唐．韓愈．瀧吏詩：「惡溪瘴毒聚，雷電常洶洶。」動亂不安。三國志．卷九．魏書．曹真傳：「天下洶洶，人懷危懼，陛下但為寄坐，豈得久安！」新唐書．卷一五七．陸贄傳：「自比兵興，物力耗竭，人心驚疑如風濤然，洶洶靡定。」
洶湧,xiōng yǒng,ㄒㄩㄥ ㄩㄥˇ,水流騰湧的樣子。唐．李白．當塗趙炎少府粉圖山水歌：「驚濤洶湧向何處？孤舟一去迷歸年。」近彭湃、澎湃亦作「洶涌」。形容氣勢盛大。唐．黃滔．融結為何嶽賦：「剛柔隨之而洶湧，嗜欲繼之而隆崇。」清．采蘅子．蟲鳴漫錄：「努目向人，勢甚洶湧。」近彭湃、澎湃亦作「洶涌」。喧鬧。清．和邦額．夜譚隨錄．卷一．碧碧：「有翁媼，率男婦六七輩，直入草堂，洶湧叫罵。」二十載繁華夢．第九回：「及到了門前，已聽得樓上人聲洶湧，巴不得三步登到樓上。」亦作「洶涌」。動盪不安。元．羅貫中．風雲會．第四折：「我想五代亂離，人心洶湧，今聖人一出，群妖頓息，不圖從此得見太平也。」明．郎瑛．七修類稿．卷十四．國事類．石亨姦黨：「事雖傳聞，信實顯著，人心洶湧，中外危疑。」水流騰涌的樣子。文選．司馬相如．上林賦：「沸乎暴怒，洶涌彭湃。」楚辭．劉向．九歎．逢紛：「波逢洶涌，濆滂沛兮。」近澎湃亦作「洶湧」。形容氣勢盛大。如：「洶涌的民主潮流，一舉沖垮了東歐共產國家的鐵幕。」近澎湃亦作「洶湧」。喧鬧。如：「中國餐館只要客人一多，就會顯得人聲洶涌，好不熱鬧！」亦作「洶湧」。
詾詾,NA,NA,"NA"
熊熊,xióng xióng,ㄒㄩㄥˊ ㄒㄩㄥˊ,火光旺盛的樣子。山海經．西山經：「南望昆崙，其光熊熊，其氣魂魂。」如：「熊熊烈火，一下子就吞噬了他全部的家當。」氣勢壯盛的樣子。史記．卷八十一．廉頗藺相如傳．索隱述贊：「清飆凜凜，壯氣熊熊，各竭誠義，遞為雌雄。」唐．王光庭．奉和聖製送張說巡邊詩：「虎貔紛儗儗，河洛振熊熊。」
咻,NA,NA,"NA"
吁,NA,NA,"NA"
噓,NA,NA,"NA"
戌削,xū xiāo,ㄒㄩ ㄒㄧㄠ,衣服裁製得寬窄合度。文選．司馬相如．子虛賦：「衯衯裶裶，揚袘戌削。」或作「卹削」。
歔欷,xū xī,ㄒㄩ ㄒㄧ,悲泣抽噎。楚辭．東方朔．七諫．自悲：「泣歔欷而霑衿，厭白玉以為面兮。」唐．韓愈．祭田橫墓文：「非今世之所稀，孰為使余歔欷而不可禁。」亦作「噓唏」。
歘吸,NA,NA,"NA"
盱盱,xū xū,ㄒㄩ ㄒㄩ,睜眼直視的樣子。荀子．非十二子：「瞿瞿然，盡盡然，盱盱然。」王先謙．集解：「盱盱者，張目直視之容也。」形容跋扈的樣子。列子．黃帝：「老子曰：『而睢睢，而盱盱，而誰與居？大白若辱，盛德若不足。』楊朱蹴然變容。」
砉,NA,NA,"NA"
訏訏,xū xū,ㄒㄩ ㄒㄩ,形容廣大的樣子。詩經．大雅．韓奕：「孔樂韓土，川澤訏訏。」
須臾,xū yú,ㄒㄩ ㄩˊ,片刻、暫時。荀子．勸學：「吾嘗終日而思矣，不如須臾之所學也。」宋．蘇軾．舟中夜起詩：「此生忽忽憂患裡，清境過眼能須臾。」近片刻、轉瞬、斯須、俄頃、一會兒、已而延年。史記．卷九十二．淮陰侯傳：「足下所以得須臾至今者，以項王尚存也。」
斯須,sī xū,ㄙ ㄒㄩ,片刻、短暫的時間。禮記．祭義：「禮樂不可斯須去身。」唐．杜甫．丹青引：「斯須九重真龍出，一洗萬古凡馬空。」近須臾反良久
頊頊,xù xù,ㄒㄩˋ ㄒㄩˋ,茫然自失的樣子。莊子．天地：「子貢卑陬失色，頊頊然不自得，行三十里而後愈。」
喣喣,NA,NA,"NA"
姁媮,NA,NA,"NA"
姁姁,xǔ xǔ,ㄒㄩˇ ㄒㄩˇ,喜悅自得的樣子。呂氏春秋．有始覽．諭大：「父子兄弟相與比周於一國，姁姁焉相樂也。」言語溫和親切。唐．柳宗元．段太尉逸事狀：「太尉為人姁姁，常低首拱手行步。」明．歸有光．先妣事略：「敦尚簡實，與人姁姁說村中語。」
栩栩,xǔ xǔ,ㄒㄩˇ ㄒㄩˇ,形容生動可喜的樣子。莊子．齊物論：「昔者莊周夢為胡蝶，栩栩然胡蝶也，自喻適志與。」
湑湑,xǔ xǔ,ㄒㄩˇ ㄒㄩˇ,茂密繁盛的樣子。詩經．唐風．杕杜：「有杕之杜，其葉湑湑。」清風吹拂。唐．柳宗元．湘源二妃廟碑：「南風湑湑，湘水如舞。」
詡詡,xǔ xǔ,ㄒㄩˇ ㄒㄩˇ,和集的樣子。唐．韓愈．柳子厚墓誌銘：「平居里巷相慕悅，酒食游戲相爭逐，詡詡強笑語以相取下。」誇大的樣子。如：「詡詡自得」。
昫昫,NA,NA,"NA"
蓄縮,xù suō,ㄒㄩˋ ㄙㄨㄛ,收縮。唐．柳宗元．招海賈文：「弱水蓄縮，其下不極。」作事懈怠而不振作。漢書．卷四十五．息夫躬傳：「方今丞相王嘉健而蓄縮，不可用。」
軒軒,xuān xuān,ㄒㄩㄢ ㄒㄩㄢ,自得。新唐書．卷一六三．孔巢父傳：「戣自以適所志，軒軒甚得。」舞動。淮南子．道應：「見一士焉，深目而玄鬢，淚注而鳶肩，豐上而殺下，軒軒然方迎風而舞。」光彩煥發。南朝宋．劉義慶．世說新語．容止：「海西時，諸公每朝，朝堂猶暗；唯會稽王來，軒軒如朝霞舉。」
漩澴,NA,NA,"NA"
烜爀,NA,NA,"NA"
泫沄,xuàn yún,ㄒㄩㄢˋ ㄩㄣˊ,水之湧流如沸騰的樣子。文選．張衡．思玄賦：「揚芒熛而絳天兮，水泫沄而涌濤。」
眩湣,NA,NA,"NA"
澩灂,NA,NA,"NA"
尋尋,NA,NA,"NA"
恂恂,xún xún,ㄒㄩㄣˊ ㄒㄩㄣˊ,溫和恭敬的樣子。論語．鄉黨：「孔子於鄉黨，恂恂如也，似不能言者。」漢書．卷九十二．游俠傳．郭解傳：「雖為俠而恂恂有退讓君子之風。」誨人不倦的樣子。後漢書．卷六十八．郭太傳．論曰：「然而遜言危行，終亨時晦，恂恂善導，使士慕成名，雖墨、孟之徒，不能絕也。」宋書．卷十四．禮志一：「孔子恂恂，道化洙泗；孟軻皇皇，誨誘無倦。」緊張恐懼的樣子。唐．柳宗元．捕蛇者說：「吾恂恂而起，視其缶，而吾蛇尚存。」
浸潯,NA,NA,"NA"
衙衙,NA,NA,"NA"
啞啞,yā yā,  ㄧㄚ ㄧㄚ,狀聲詞：(1)​ 形容小兒學語聲。唐．于鵠．古詞三首之二：「新長青絲髮，啞啞言語黠。」聊齋志異．卷二．口技：「小兒啞啞，貓貓唔唔。」(2)​ 形容鳥鳴聲。淮南子．原道：「故夫烏之啞啞，鵲之唶唶，豈嘗為寒暑燥溼，變其聲哉。」唐．白居易．慈烏夜啼詩：「慈烏失其母，啞啞吐哀音。」(3)​ 形容車聲。宋．陸游．滄灘詩：「嘔嘔啞啞車轉急，舟人已在沙際立。」狀聲詞。形容笑聲。易經．震卦．初九：「震來虩虩，後笑言啞啞，吉。」清．張爾岐．蒿庵集．卷一：「今夫人生而呱呱以啼，啞啞以笑。」
嘔啞,ōu yā,ㄡ ㄧㄚ,狀聲詞：(1)​ 形容小兒學語聲。唐．白居易．念金鑾子詩二首之一：「況念夭札時，嘔啞初學語。」(2)​ 形容管樂聲。唐．杜牧．阿房宮賦：「管絃嘔啞，多於市人之言語。」(3)​ 形容鳥鳴聲。宋．歐陽修．贈無為軍李道士詩二首之二：「李師一彈鳳皇聲，空山百鳥停嘔啞。」(4)​ 形容車輪滾動聲。唐．曹鄴．四怨詩之四：「手推嘔啞車，朝朝暮暮耕。」(5)​ 形容船櫓聲。唐．胡宿．趙宗道歸輦下詩：「江浦嘔啞風送櫓，河橋勃翠柳垂堤。」宋．陸游．鷓鴣天．嬾向青門學種瓜詞：「歌縹緲，艣嘔啞，酒如清露鮓如花。」或作「嘔軋」。
啞啞,yā yā,  ㄧㄚ ㄧㄚ,狀聲詞：(1)​ 形容小兒學語聲。唐．于鵠．古詞三首之二：「新長青絲髮，啞啞言語黠。」聊齋志異．卷二．口技：「小兒啞啞，貓貓唔唔。」(2)​ 形容鳥鳴聲。淮南子．原道：「故夫烏之啞啞，鵲之唶唶，豈嘗為寒暑燥溼，變其聲哉。」唐．白居易．慈烏夜啼詩：「慈烏失其母，啞啞吐哀音。」(3)​ 形容車聲。宋．陸游．滄灘詩：「嘔嘔啞啞車轉急，舟人已在沙際立。」狀聲詞。形容笑聲。易經．震卦．初九：「震來虩虩，後笑言啞啞，吉。」清．張爾岐．蒿庵集．卷一：「今夫人生而呱呱以啼，啞啞以笑。」
啞啞,yā yā,  ㄧㄚ ㄧㄚ,狀聲詞：(1)​ 形容小兒學語聲。唐．于鵠．古詞三首之二：「新長青絲髮，啞啞言語黠。」聊齋志異．卷二．口技：「小兒啞啞，貓貓唔唔。」(2)​ 形容鳥鳴聲。淮南子．原道：「故夫烏之啞啞，鵲之唶唶，豈嘗為寒暑燥溼，變其聲哉。」唐．白居易．慈烏夜啼詩：「慈烏失其母，啞啞吐哀音。」(3)​ 形容車聲。宋．陸游．滄灘詩：「嘔嘔啞啞車轉急，舟人已在沙際立。」狀聲詞。形容笑聲。易經．震卦．初九：「震來虩虩，後笑言啞啞，吉。」清．張爾岐．蒿庵集．卷一：「今夫人生而呱呱以啼，啞啞以笑。」
軋軋,yà yà,ㄧㄚˋ ㄧㄚˋ,狀聲詞：(1)​ 形容車行的聲音。宋．劉克莊．運糧行：「縣符旁午催調發，大車小車聲軋軋。」元．劉秉忠．駝車行詩：「駝頂丁當響巨鈴，萬車軋軋一齊鳴。」(2)​ 形容紡織機的聲音。清．蔣士銓．鳴機夜課圖記：「母手任操作，口授句讀，咿唔之聲，與軋軋相間。」(3)​ 形容船櫓聲。儒林外史．第五十一回：「那婦人不見鳳四老爹解衣，耳朵裡卻聽得軋軋的櫓聲。」(4)​ 形容飛機的響聲。
嫣然,yān rán,ㄧㄢ ㄖㄢˊ,嫵媚美好的樣子。多用以形容笑容。宋．姜夔．念奴嬌．鬧紅一舸詞：「嫣然搖動，冷香飛上詩句。」
烟熅,NA,NA,"NA"
閹然,yān rán,ㄧㄢ ㄖㄢˊ,隱蔽、掩藏的樣子。孟子．盡心下：「閹然媚於世也者，是鄉原也。」
偃蹇,yǎn jiǎn,ㄧㄢˇ ㄐㄧㄢˇ,傲慢。左傳．哀公六年：「彼皆偃蹇，將棄子之命。」明．凌濛初．紅拂記．第二齣：「則見他取角枕欹斜臥倒。更半支頤偃蹇頻瞧。」高立的樣子。楚辭．屈原．離騷：「望瑤臺之偃蹇兮，見有娥之佚女。」文選．枚乘．七發：「旍旗偃蹇，羽毛肅紛。」屈曲。淮南子．本經：「偃蹇寥糾，曲成文章。」初刻拍案驚奇．卷七：「蛇龍偃蹇，觀闕嵯峨，縹緲笙歌沸。」安臥。後漢書．卷六十下．蔡邕傳：「我力能族人，蔡邕遂偃蹇者，不旋踵矣。」困頓、失志。聊齋志異．卷三．連城：「少負才名，年二十餘，猶偃蹇。」
噞喁,yǎn yóng,ㄧㄢˇ ㄩㄥˊ,魚嘴巴一開一合的樣子。文選．左思．吳都賦：「泝洄順流，噞喁浮沉。」宋．蘇軾．中秋月寄子由詩三首之一：「寒魚亦不睡，竟夕相噞喁。」
奄奄,yān yān,ㄧㄢ ㄧㄢ,氣息微弱將絕。初刻拍案驚奇．卷十二：「老夫婦只生得此女，自從失去，幾番哭絕，至今奄奄不欲生。」
黶翳,yǎn yì,ㄧㄢˇ ㄧˋ,寂寞的樣子。文選．王延壽．魯靈光殿賦：「屹鏗瞑以勿罔，屑黶翳以懿濞。」
厭厭,yān yān,ㄧㄢ ㄧㄢ,安靜的樣子。詩經．小雅．湛露：「厭厭夜飲，不醉無歸。」茂盛的樣子。詩經．周頌．載芟：「厭厭其苗，綿綿其麃。」露水重的樣子。元．鄭光祖．倩女離魂．第二折：「趁著這厭厭露華，對著這澄澄月下，驚的那呀呀呀寒鴈起平沙。」暗淡、微弱的樣子。漢書．卷七十五．李尋傳：「列星皆失色，厭厭如滅。」虛弱生病的樣子。元．白樸．東牆記．第一折：「早是這兩日茶飯不進，厭厭瘦削。」初刻拍案驚奇．卷十六：「只是王氏生來嬌怯，厭厭弱病嘗不離身的。」亦作「懨懨」。
晏晏,yàn yàn,ㄧㄢˋ ㄧㄢˋ,柔和的樣子。詩經．衛風．氓：「總角之宴，言笑晏晏。」後漢書．卷四十三．何敞傳：「今國家秉聰明之弘道，明公履晏晏之純德，君臣相合，天下翕然」。
灩灩,NA,NA,"NA"
焱悠,NA,NA,"NA"
泱泱,yāng yāng,ㄧㄤ ㄧㄤ,水深廣的樣子。詩經．小雅．瞻彼洛矣：「瞻彼洛矣，維水泱泱。」雲氣騰湧的樣子。文選．潘岳．射雉賦：「天泱泱以垂雲，泉涓涓而吐溜。」宏大的樣子。多指聲音而言。漢書．卷二十八．地理志下：「泱泱乎，大風也哉！其太公乎？國未可量也。」
泱漭,yāng mǎng,ㄧㄤ ㄇㄤˇ,廣大無際的樣子。文選．張衡．西京賦：「山谷原隰，泱漭無疆。」朦朧不明的樣子。文選．謝朓．京路夜發詩：「曉星正寥落，晨光復泱漭。」
泱灢,NA,NA,"NA"
鉠鉠,NA,NA,"NA"
鞅鞅,yāng yāng,ㄧㄤ ㄧㄤ,不滿意、不快樂的樣子。漢書．卷一．高帝紀：「諸將故與帝為編戶民，北面為臣，心常鞅鞅。」亦作「怏怏」。
鞅掌,yāng zhǎng,ㄧㄤ ㄓㄤˇ,煩勞、忙碌。詩經．小雅．北山：「或棲遲偃仰，王事鞅掌。」無暇修飾儀容。幼學瓊林．卷三．人事類：「不暇脩容曰鞅掌。」
鞅常,NA,NA,"NA"
佯佯,yáng yáng,ㄧㄤˊ ㄧㄤˊ,垂頭喪氣的樣子。初刻拍案驚奇．卷十二：「對著牆裡，嘆了一口氣，有一步，沒一步的，佯佯走了去。」裝模作樣的樣子。唐．韓偓．厭花落詩：「也曾同在華堂宴，佯佯攏鬢偷迴面。」初刻拍案驚奇．卷二：「那娼妓卻笑容可掬，佯佯地道了個萬福。」
佯佯,yáng yáng,ㄧㄤˊ ㄧㄤˊ,垂頭喪氣的樣子。初刻拍案驚奇．卷十二：「對著牆裡，嘆了一口氣，有一步，沒一步的，佯佯走了去。」裝模作樣的樣子。唐．韓偓．厭花落詩：「也曾同在華堂宴，佯佯攏鬢偷迴面。」初刻拍案驚奇．卷二：「那娼妓卻笑容可掬，佯佯地道了個萬福。」
徜徉,cháng yáng,ㄔㄤˊ ㄧㄤˊ,安閒自在的徘徊。唐．韓愈．送李愿歸盤谷序：「膏吾車兮秣吾馬，從子於盤兮，終吾生以徜徉。」儒林外史．第五十五回：「向梅根冶後，幾番嘯傲；杏花村裡，幾度徜徉。」近徘徊亦作「倘佯」。
彷徉,páng yáng,ㄆㄤˊ ㄧㄤˊ,徘徊不進。楚辭．屈原．招魂：「彷徉無所倚，廣大無所極些。」
揚揚,yáng yáng,ㄧㄤˊ ㄧㄤˊ,得意的樣子。史記．卷六十二．管晏傳：「其夫為相御，擁大蓋，策駟馬，意氣揚揚，甚自得也。」飄揚。元．無名氏．漁樵記．第一折：「今日紛紛揚揚下著如此般大雪，凍的手都僵的，怎生打柴？」從容鎮定的樣子。資治通鑑．卷二二○．唐紀三十六．肅宗至德二載：「巡且死，顏色不亂，揚揚如常。」
洋洋,yáng yáng,ㄧㄤˊ ㄧㄤˊ,水勢盛大的樣子。詩經．衛風．碩人：「河水洋洋，北流活活。」宋．陳亮．水調歌頭．不見南師久詞：「自笑堂堂漢使，得似洋洋河水，依舊祇流東？」廣闊無際的樣子。詩經．大雅．大明：「牧野洋洋，檀車煌煌。」眾多貌。詩經．魯頌．閟宮：「萬舞洋洋，孝孫有慶。」美善的樣子。書經．伊訓：「聖謨洋洋，嘉言孔彰。」彷彿、想像。禮記．中庸：「盛服以承祭祀，洋洋乎如在其上。」舒緩的樣子。孟子．萬章上：「始舍之，圉圉焉，少則洋洋焉，攸然而逝。」充滿貌。禮記．中庸：「聖人之道，洋洋乎發育萬物。」紅樓夢．第二十一回：「看至此段，意趣洋洋，逞著酒興，不禁提筆。」沒有歸宿、沒有依靠的樣子。楚辭．屈原．九章．哀郢：「順風波以從流兮，焉洋洋而為客。」得意的樣子。宋．范仲淹．岳陽樓記：「登斯樓也，則有心曠神怡，寵辱皆忘，把酒臨風，其喜洋洋者矣。」莊重敬慎的樣子。文選．傅毅．舞賦：「或有矜容愛儀，洋洋習習。」
坱軋,NA,NA,"NA"
坱圠,yǎng yà,ㄧㄤˇ ㄧㄚˋ,廣大無邊。文選．賈誼．鵩鳥賦：「大鈞播物兮，坱圠無垠。」三國．魏．曹植．告咎文：「遂乃沉陰坱圠，甘澤微微，雨我公田，爰既予私。」地勢高低不平。文選．左思．吳都賦：「爾乃地勢坱圠，卉木镺蔓，遭藪為圃，值林為苑。」宋．蘇軾．過廬山下詩：「暴雨破坱圠，清飆掃渾酣。」
怏怏,yàng yàng,ㄧㄤˋ ㄧㄤˋ,不滿意、不快樂的樣子。史記．卷五十七．絳侯周勃世家：「條侯免冠謝罪。上起，條侯因趨出。景帝以目送之，曰：『此怏佒者非少主臣也！』」三國演義．第二十六回：「操知來意，乃懸迴避牌於門。關公怏怏而回。」亦作「鞅鞅」。
怏悒,NA,NA,"NA"
瀁瀁,yàng yàng,ㄧㄤˋ ㄧㄤˋ,水面廣大、無邊無際的樣子。南朝梁．王僧儒．送殷何兩記室詩：「飄飄曉雲駛，瀁瀁旦潮平。」
瀇瀁,wǎng yàng,ㄨㄤˇ ㄧㄤˋ,水勢浩大的樣子。淮南子．覽冥：「潦水不泄，瀇瀁極望。」文選．枚乘．七發：「忽兮慌兮，俶兮儻兮，浩瀇瀁兮，慌曠曠兮。」
喓喓,yāo yāo,ㄧㄠ ㄧㄠ,狀聲詞。形容蟲鳴聲。詩經．召南．草蟲：「喓喓草蟲，趯趯阜螽。」
夭夭,yāo yāo,ㄧㄠ ㄧㄠ,少壯美盛的樣子。詩經．周南．桃夭：「桃之夭夭，灼灼其華。」文選．阮籍．詠懷詩十七首之四：「夭夭桃李花，灼灼有輝光。」顏色和悅的樣子。論語．述而：「子之燕居，申申如也，夭夭如也。」
夭矯,yāo jiǎo,ㄧㄠ ㄐㄧㄠˇ,飛騰的樣子。文選．郭璞．江賦：「撫淩波而鳧躍，吸翠霞而夭矯。」或作「夭撟」、「夭蟜」。屈曲的樣子。淮南子．脩務：「木熙者，舉梧檟，據句枉，蝯自縱，好茂葉，龍夭矯。」或作「夭撟」、「夭蟜」。
妖冶,yāo yě,ㄧㄠ ㄧㄝˇ,女子舉止欠端莊，慣於賣弄服飾容貌。易經．繫辭上．孔穎達．正義：「女子妖冶其容，身不精愨，是教誨淫者，使來淫己也。」近妖嬈美好。文選．陸機．文賦：「或奔放以諧合，務嘈囋而妖冶。」
妖嬈,yāo ráo,ㄧㄠ ㄖㄠˊ,美麗而輕佻的樣子。三國．魏．曹植．感婚賦：「顧有懷兮妖嬈，用搔首兮屏營。」近明媚、妖冶
么麼,NA,NA,"NA"
姚冶,yáo yě,ㄧㄠˊ ㄧㄝˇ,美豔的樣子。荀子．非相：「鄉曲之儇子，莫不美麗姚冶。」
嶢嶢,yáo yáo,ㄧㄠˊ ㄧㄠˊ,高峻的樣子。文選．揚雄．甘泉賦：「直嶢嶢以造天兮，厥高慶而不可乎彌度。」文選．曹植．七啟：「志飄飄焉，嶢嶢焉，似若狹六合而隘九州。」形容正直、完美等純粹的狀態。新唐書．卷九十七．魏徵傳．贊曰：「皓皓者易汙，嶢嶢者難全。」
嶕嶢,NA,NA,"NA"
嶢嶭,NA,NA,"NA"
搖曳,NA,NA,"NA"
遙遙,NA,NA,"NA"
逍遙,NA,NA,"NA"
颻颺,yáo yáng,ㄧㄠˊ ㄧㄤˊ,風吹搖盪的樣子。文選．左思．吳都賦：「與風颻颺，䬀瀏颼飀。」
飄搖,NA,NA,"NA"
咬咬,jiāo jiāo,ㄐㄧㄠ ㄐㄧㄠ,狀聲詞。形容鳥叫的聲音。文選．禰衡．鸚鵡賦：「采采麗容，咬咬好音。」
杳杳,yǎo yǎo,ㄧㄠˇ ㄧㄠˇ,深遠、幽暗。楚辭．屈原．九章．懷沙：「眴兮杳杳，孔靜幽默。」文選．潘岳．寡婦賦：「時曖曖而向昏兮，日杳杳而西匿。」亦作「窈窈」。
杳眇,yǎo miǎo,ㄧㄠˇ ㄇㄧㄠˇ,悠遠的樣子。文選．司馬相如．上林賦：「頫杳眇而無見，仰攀橑而捫天。」亦作「杳渺」。
窅然,yǎo rán,ㄧㄠˇ ㄖㄢˊ,悵然若失的樣子。莊子．逍遙遊：「往見四子藐姑射之山，汾水之陽，窅然喪其天下焉。」深遠的樣子。文選．傅亮．為宋公修張良廟教：「顯默之際，窅然難究。」唐．李景亮．李章武傳：「但空室窅然，寒燈半滅而已。」
窅窅,yǎo yǎo,ㄧㄠˇ ㄧㄠˇ,隱晦不顯的樣子。鶡冠子．天則：「舉善不以窅窅，拾過不以𡨋𡨋。」深邃的樣子。唐．韓愈．剝啄行：「窅窅深塹，其墉甚完。」
窅眇,yǎo miǎo,ㄧㄠˇ ㄇㄧㄠˇ,深遠的樣子。文選．王融．三月三日曲水詩序：「悵望姑射之阿，然窅眇寂寥，其獨適者已。」
䆗窱,NA,NA,"NA"
窈窕,yǎo tiǎo,ㄧㄠˇ ㄊㄧㄠˇ,幽靜美好的樣子。詩經．周南．關雎：「窈窕淑女，君子好逑。」清．王國維．蝶戀花．百尺朱樓臨大道詞：「獨倚闌干人窈窕，閒中數盡行人小。」妖冶的樣子。後漢書．卷八十四．列女傳．曹世叔妻傳：「入則亂髮壞形，出則窈窕作態。」深遠的樣子。文選．郭璞．江賦：「潛逵傍通，幽岫窈窕。」文選．陶淵明．歸去來辭：「既窈窕以尋壑，亦崎嶇而經丘。」
窈窈,yǎo yǎo,ㄧㄠˇ ㄧㄠˇ,深遠、幽暗。莊子．在宥：「至道之精，窈窈冥冥。」文選．司馬相如．長門賦：「浮雲鬱而四塞兮，天窈窈而晝陰。」亦作「杳杳」。
鷕,NA,NA,"NA"
枒杈,yá chā,ㄧㄚˊ ㄔㄚ,樹枝縱橫雜出。元．王惲．趙邈齪虎圖行詩：「巔崖老樹纏冰雪，石觜枒杈橫積鐵。」
杈枒,chā yá,ㄔㄚ ㄧㄚˊ,樹枝分岔的樣子。唐．杜甫．鵰賦：「擊叢薄之不開，突杈枒而皆折。」或作「杈椏」。
揶揄,yé yú,ㄧㄝˊ ㄩˊ,嘲弄。唐．白居易．東南行：「時遭人指點，數被鬼揶揄。」近嘲弄
嶪嶪,NA,NA,"NA"
嶫嶫,NA,NA,"NA"
嶪峨,NA,NA,"NA"
嶫峨,NA,NA,"NA"
嶪峩,NA,NA,"NA"
嶪峩,NA,NA,"NA"
曄曄,yè yè,ㄧㄝˋ ㄧㄝˋ,盛大的樣子。漢書．卷一○○．敘傳下：「世宗曄曄，思弘祖業。」茂盛美好的樣子。文選．班固．西都賦：「蘭茝發色，曄曄猗猗。」
曵曳,NA,NA,"NA"
業業,yè yè,ㄧㄝˋ ㄧㄝˋ,危懼的樣子。書經．皐陶謨：「兢兢業業，一日二日萬幾。」詩經．大雅．雲漢：「兢兢業業，如霆如雷。」高大強壯的樣子。詩經．小雅．采薇：「戎車既駕，四牡業業。」動的樣子。詩經．大雅．常武：「赫赫業業，有嚴天子。」
伊鬱,yī yù,ㄧ ㄩˋ,憂煩鬱結。文選．何晏．景福殿賦：「感乎溽暑之伊鬱，而慮性命之所平。」
伊邑,NA,NA,"NA"
依依,yī yī,ㄧ ㄧ,枝葉柔弱的樣子。詩經．小雅．采薇：「昔我往矣，楊柳依依；今我來思，雨雪霏霏。」留戀不捨的樣子。唐．王維．渭川田家詩：「田夫荷鋤至，相見語依依。」如：「依依不捨」。想念、思慕。文選．李陵．答蘇武書：「望風懷想，能不依依。」依稀、隱約。晉．陶淵明．歸園田居詩五首之一：「曖曖遠人村，依依墟里煙。」
依稀,yī xī,ㄧ ㄒㄧ,彷彿，不清楚的樣子。唐．趙嘏．江樓舊感詩：「同來望月人何處，風景依稀似去年。」儒林外史．第二十九回：「那轎揭開簾子，轎裡坐著一個戴方巾的少年，諸葛天申依稀有些認得。」些許、微少。唐．黃滔．祭陳先輩：「謹以依稀蔬果，一二精誠，願冥符於肹蠁，申永訣於幽明。」
依約,yī yuē,ㄧ ㄩㄝ,依照約定。如：「他依約前去赴會。」近踐約、如約反失約、爽約依稀隱約。唐．白居易．答蘇庶子詩：「蓬山閒氣味，依約似龍樓。」清．厲鶚．疏影．輕陰冉冉詞：「依約勻梳月底，亂雲鋪滿徑。」大概、大約。唐．元稹．和樂天示楊瓊詩：「腰身瘦小歌圓緊，依約年應十六七。」唐．白居易．贈鄰里往還詩：「骨肉都盧無十口，糧儲依約有三年。」承襲、結合。禮記．表記．孔穎達．正義：「文王之興，依約先祖。」
猗,NA,NA,"NA"
猗猗,yī yī,ㄧ ㄧ,美盛的樣子。詩經．衛風．淇奧：「瞻彼淇奧，綠竹猗猗。」柔和的樣子。文選．嵇康．琴賦：「微風餘音，靡靡猗猗。」
猗狔,NA,NA,"NA"
猗儺,ě nuó,ㄜˇ ㄋㄨㄛˊ,柔順的樣子。詩經．檜風．隰有萇楚：「隰有萇楚，猗儺其枝。」
夷靡,yí mǐ,ㄧˊ ㄇㄧˇ,頹弛或平緩靡弱。文選．潘岳．笙賦：「或按衍夷靡，或竦踴剽急。」
夷猶,yí yóu,ㄧˊ ㄧㄡˊ,遲疑不決。楚辭．屈原．九歌．湘君：「君不行兮夷猶，蹇誰留兮中洲。」文選．謝朓．新亭渚別范零陵詩：「停驂我悵望，輟棹子夷猶。」近猶豫亦作「夷由」。從容不迫的樣子。宋．姜夔．湘月．五湖舊約詞：「暝入西山，漸喚我、一葉夷猶乘輿。」
訑訑,yí yí,ㄧˊ ㄧˊ,傲慢自信，不聽人言的樣子。孟子．告子下：「訑訑之聲音顏色，拒人於千里之外。」
佁儗,NA,NA,"NA"
嶬嶬,NA,NA,"NA"
㠖㠖,NA,NA,"NA"
旖旎,yǐ nǐ,ㄧˇ ㄋㄧˇ,輕盈柔順的樣子。史記．卷一一七．司馬相如傳：「紛容蕭蔘，旖旎從風。」唐．李白．愁陽春賦：「蕩漾惚恍，何垂楊旖旎之愁人。」柔媚的樣子。元．王實甫．西廂記．第一本．第一折：「解舞腰肢嬌又軟，千般裊娜，萬般旖旎，似垂柳晚風前。」初刻拍案驚奇．卷三十四：「體態輕盈，丰姿旖旎。」盛多的樣子。楚辭．宋玉．九辯：「竊悲夫蕙華之曾敷兮，紛旖旎乎都房。」楚辭．劉向．九嘆．惜賢：「結桂樹之旖旎兮，紉荃蕙與辛夷。」
迤邐,yǐ lǐ,ㄧˇ ㄌㄧˇ,連續不斷的樣子。如：「遠望天邊迤邐的雲山，足以開拓胸襟，滌盡塵俗之氣。」連接的樣子。「迆」文獻異文作「迤」。唐．白居易．長恨歌：「攬衣推枕起徘徊，珠箔銀屏迤邐開。」一路行去，曲折連綿的樣子。亦指陸陸續續的行程。朱子語類輯略．卷五．論自注書：「久關官正，臣今迆邐前去之任，不知有何處分？」亦作「邐迤」。
邐迤,lǐ yǐ,ㄌㄧˇ ㄧˇ,曲折連綿的樣子。文選．吳質．答東阿王書：「夫登東嶽者，然後知眾山之邐迤也。」或作「邐迆」、「迆邐」、「迤邐」。
迤靡,yǐ mǐ,ㄧˇ ㄇㄧˇ,連綿不絕。「迆」文獻異文作「施」。文選．揚雄．甘泉賦：「封巒石關，施靡乎延屬。」
逶迤,wēi yí,ㄨㄟ ㄧˊ,彎曲回旋的樣子。文選．古詩十九首．東城高且長：「東城高且長，逶迤自相屬。」唐．韓愈．送李翱詩：「廣州萬里途，山重江逶迤。」
仡仡,yì yì,ㄧˋ ㄧˋ,勇壯的樣子。書經．泰誓：「仡仡勇夫，射御不違。」漢書．卷七十五．李尋傳：「昔秦穆公說諓諓之言，任仡仡之勇，身受大辱，社稷幾亡。」高大的樣子。詩經．大雅．皇矣：「臨衝茀茀，崇墉仡仡。」
佚豫,NA,NA,"NA"
亦亦,NA,NA,"NA"
屹崒,NA,NA,"NA"
屹崪,NA,NA,"NA"
悒悒,yì yì,ㄧˋ ㄧˋ,憂愁鬱悶的樣子。三國志．卷五十七．吳書．虞翻傳：「然時有所思，端坐悒悒。」警世通言．卷三十二．杜十娘怒沉百寶箱：「向承君家慷慨，以一百五十金相助，本意息肩之後，徐圖報答。不意事無終始；然每懷盛情，悒悒未忘。」
抑鬱,yì yù,ㄧˋ ㄩˋ,憂鬱煩悶。儒林外史．第十一回：「總是老先生身在江湖，心懸魏闕，故爾憂愁抑鬱，現出此症。」近抑塞、鬱悶反開朗、暢快
抑,NA,NA,"NA"
浥浥,yì yì,ㄧˋ ㄧˋ,溼潤的樣子。宋．蘇軾．臺頭寺步月得人字詩：「浥浥爐香初泛夜，離離花影欲搖春。」
熠熠,yì yì,ㄧˋ ㄧˋ,閃亮光耀的樣子。漢．無名氏．有鳥西南飛詩：「有鳥西南飛，熠熠似蒼鷹。」三國．魏．阮籍．清思賦：「色熠熠以流爛兮，紛雜錯以葳蕤。」
熠燿,yì yào,ㄧˋ ㄧㄠˋ,光亮鮮明的樣子。詩經．豳風．東山：「倉庚于飛，熠燿其羽。」唐．陳鴻．長恨傳：「時每歲十月，駕幸華清宮，內外命婦，熠燿景從。」螢火。詩經．豳風．東山：「町畽鹿場，熠燿宵行。」文選．潘岳．秋興賦：「熠燿粲於階闥兮，蟋蟀鳴乎軒屏。」
燡燡,NA,NA,"NA"
翊翊,yì yì,ㄧˋ ㄧˋ,恭敬、虔敬的樣子。漢書．卷二十二．禮樂志：「既畏茲威，惟慕純德，附而不驕，正心翊翊。」蠕行的樣子。文選．王襃．洞簫賦：「螻蟻蝘蜒，蠅蠅翊翊。」飛翔的樣子。漢書．卷二十二．禮樂志：「神之徠，泛翊翊，甘露降，慶雲集。」
蘙薈,NA,NA,"NA"
蘙蔚,NA,NA,"NA"
醳醳,NA,NA,"NA"
鶂鶂,yì yì,ㄧˋ ㄧˋ,鵝鳴聲。孟子．滕文公下：「惡用是鶂鶂者為哉。」
喑噁,NA,NA,"NA"
喑嗚,yīn wū,ㄧㄣ ㄨ,懷怒氣。文選．左思．吳都賦：「睚眥則挺劍，喑嗚則彎弓。」唐．駱賓王．為徐敬業討武曌檄：「喑嗚則山岳崩頹，叱吒則風雲變色。」
因循,yīn xún,ㄧㄣ ㄒㄩㄣˊ,遵循舊習而無所改動。後漢書．卷三十四．梁統傳：「自高祖之興，至于孝宣，君明臣忠，謨謀深博，猶因循舊章，不輕改革。」南朝梁．劉勰．文心雕龍．史傳：「及班固述漢，因循前業，觀司馬遷之辭，思實過半。」反革新敷衍慢怠。唐．韓愈．酬裴十六功曹巡府西驛塗中見寄詩：「多才自勞苦，無用祗因循。」元．關漢卿．哭存孝．第二折：「我這裡傍邊側立索慇懃，怎敢道怠因循！」悠游閒散。唐．羅隱．寄第五尊師詩：「苕溪煙月久因循，野鶴衣裘獨繭綸。」唐．韓偓．擁鼻詩：「卻要因循添逸興，若為趨競愴離憂。」蹉跎、延誤。唐．白居易．和微之詩．和櫛沐寄道友詩：「因循擲白日，積漸凋朱顏。」
因巡,NA,NA,"NA"
愔愔,yīn yīn,ㄧㄣ ㄧㄣ,安和的樣子。左傳．昭公十二年：「祈招之愔愔，式昭德音。」深靜的樣子。南朝梁．柳惲．長門怨：「玉壼夜愔愔，應門重且深。」清．朱孝臧．鷓鴣天．野水斜橋又一時詞：「新雪涕，舊絃詩，愔愔門館蝶來稀。」憂愁、沉默的樣子。漢．蔡琰．胡家十八拍詩：「雁飛高兮邈難尋，空斷腸兮思愔愔。」
愔翳,NA,NA,"NA"
慇懃,yīn qín,ㄧㄣ ㄑㄧㄣˊ,辛勤。西遊記．第四回：「日間舞弄猶可，夜間看管慇懃，但是馬睡的，趕起來喫草，走的捉將來靠槽。」情意懇切、周到。三國演義．第八回：「允慇懃敬酒，口稱董太師并布之德不絕。」反怠慢、簡慢千萬。宋．蘇軾．贈別詩：「慇懃莫忘分攜處，湖水東邊鳳嶺西。」
慇勤,NA,NA,"NA"
慇慇,yīn yīn,ㄧㄣ ㄧㄣ,憂傷、哀痛的樣子。詩經．小雅．正月：「念我獨兮，憂心慇慇。」
殷勤,yīn qín,ㄧㄣ ㄑㄧㄣˊ,辛勤。元．馬致遠．黃粱夢．第四折：「道不的殷勤過日災須少，僥倖成家禍必多。」懇切、周到。儒林外史．第三十回：「道士不知什麼意思，擺上菓碟來，殷勤奉茶。」紅樓夢．第十二回：「賈瑞見往裡讓，心中喜出望外，急忙進來，見了鳳姐，滿面陪笑，連連問好。鳳姐也假意殷勤，讓茶讓坐。」近周到反冷淡
殷殷,yīn yīn,ㄧㄣ ㄧㄣ,眾多、盛大的樣子。史記．卷六十九．蘇秦傳：「人民之眾、車馬之多，日夜行不絕，輷輷殷殷，若有三軍之眾。」懇切的樣子。如：「殷殷盼望」、「殷殷叮囑」。憂傷、哀痛的樣子。詩經．邶風．北門：「出自北門，憂心殷殷。終窶且貧，莫知我艱。」狀聲詞。形容雷聲。文選．司馬相如．長門賦：「雷殷殷而響起兮，聲象君之車音。」宋．陸游．寶劍吟：「幽人枕寶劍，殷殷夜有聲。」
殷,NA,NA,"NA"
氤氳,NA,NA,"NA"
絪縕,NA,NA,"NA"
茵蒀,NA,NA,"NA"
夤緣,yín yuán,ㄧㄣˊ ㄩㄢˊ,攀緣上升。文選．左思．吳都賦：「夤緣山嶽之屺，冪歷江海之流。」比喻攀附權貴以求進身。初刻拍案驚奇．卷二十：「況且一清如水，俸資之外，毫不苟取，那有錢財夤緣？」近趨奉
崟崟,yín yín,ㄧㄣˊ ㄧㄣˊ,繁茂的樣子。楚辭．王逸．九思．憫上：「叢林兮崟崟，株榛兮岳岳。」高的樣子。楚辭．淮南小山．招隱士：「狀皃崟崟兮峨峨，淒淒兮漇漇。」
崯崯,NA,NA,"NA"
狺狺,yín yín,ㄧㄣˊ ㄧㄣˊ,狗叫的聲音。楚辭．宋玉．九辯：「猛犬狺狺而迎吠兮，關梁閉而不通。」宋．陸游．旅舍詩：「勿為無年憂寇竊，狺狺小丰凘籬門。」
蟫蟫,NA,NA,"NA"
誾誾,NA,NA,"NA"
齗齗,yín yín,ㄧㄣˊ ㄧㄣˊ,爭辯的樣子。漢書．卷三十六．楚元王劉交傳：「朝臣齗齗不可光祿勳，何〔邪〕？」唐．柳宗元．愚溪詩序：「古有愚公谷，今予家是溪，而名莫能定，土之居者猶齗齗然，不可以不更也。」
齦齦,NA,NA,"NA"
听然,NA,NA,"NA"
憖憖,NA,NA,"NA"
嚶嚶,yīng yīng,ㄧㄥ ㄧㄥ,狀聲詞：(1)​ 形容禽鳥和鳴的聲音。詩經．小雅．伐木：「伐木丁丁，鳥鳴嚶嚶。」南朝梁．吳均．與朱元思書：「好鳥相鳴，嚶嚶成韻。」(2)​ 形容低語聲。西遊記．第二十回：「只見一老者，斜倚竹床之上，口裡嚶嚶的念佛。」聊齋志異．卷四．辛十四娘：「聞房內嚶嚶膩語，生乘醉搴簾。」(3)​ 形容低泣聲。聊齋志異．卷一．青鳳：「尾而聽之，訶詬萬端。聞青鳳嚶嚶啜泣。」(4)​ 形容清脆而細的聲音。漢．陳琳．神女賦：「文絳虯之奕奕，鳴玉鸞之嚶嚶。」比喻朋友間志趣相投。文選．謝瞻．於安城答靈運詩：「華萼相光飾，嚶嚶悅同響。」
嚶喔,NA,NA,"NA"
嚶,NA,NA,"NA"
瀯瀯,yíng yíng,ㄧㄥˊ ㄧㄥˊ,水流聲。唐．柳宗元．鈷姆潭西小丘記：「枕席而臥，則清泠之狀與目謀，瀯瀯之聲與耳謀。」
熒惑,yíng huò,ㄧㄥˊ ㄏㄨㄛˋ,古代指火星。史記．卷二十七．天官書「察剛氣以處熒惑」句下司馬貞．索隱引春秋緯．文耀鉤：「赤帝熛怒之神，為熒惑焉，位在南方，體失則罰出。」漢．王充．論衡．變虛：「有善行必有善政，政善則嘉瑞臻，福祥至。熒惑之星，無為守心也。」迷惑、眩惑。漢．桓寬．鹽鐵論．論誹：「夫蘇秦張儀，熒惑諸侯，傾覆萬乘，使人主失其所持。」近煽動、煽惑或作「營惑」。
營營,yíng yíng,ㄧㄥˊ ㄧㄥˊ,往來頻繁的樣子。詩經．小雅．青蠅：「營營青蠅，止于樊。」唐．白居易．白牡丹詩：「城中看花客，旦暮走營營。」追求奔逐。莊子．庚桑楚：「全汝形，抱汝生，勿使汝思慮營營。」宋．蘇軾．臨江仙．夜飲東坡醒復醉詞：「長恨此身非我有，何時忘卻營營？」內心煩躁不安。聊齋志異．卷十．炙戩：「中心營營，寢食都廢。」
盈盈,yíng yíng,ㄧㄥˊ ㄧㄥˊ,水清澈的樣子。文選．古詩十九首．迢迢牽牛星：「盈盈一水間，脈脈不得語。」清．納蘭性德．浣溪沙．記綰長條欲別難詞：「記綰長條欲別難，盈盈自此隔銀灣。」形容儀態輕巧美好。文選．古詩十九首．青青河畔草：「盈盈樓上女，皎皎當窗牖。」樂府詩集．卷二十八．相和歌辭三．古辭．陌上桑：「盈盈公府步，冉冉府中趨。」充滿的樣子。宋．張孝祥．雨中花慢．一葉凌波詞：「神交冉冉，愁思盈盈，斷魂欲遣誰招。」
縈紆,yíng yū,ㄧㄥˊ ㄩ,曲折旋繞。唐．白居易．長恨歌：「黃埃散漫風蕭索，雲棧縈紆登劍閣。」明．于謙．村舍桃花詩：「野水縈紆石徑斜，蓽門蓬戶兩三家。」
巊冥,NA,NA,"NA"
雍容,yōng róng,ㄩㄥ ㄖㄨㄥˊ,溫和莊重、從容不迫的樣子。漢書．卷六十四下．王襃傳：「遵遊自然之勢，恬淡無為之場，休徵自至，壽考無疆，雍容垂拱，永永萬年。」大唐三藏取經詩話中：「美女雍容，人家髣髴。」
雝雝,yōng yōng,ㄩㄥ ㄩㄥ,和諧的樣子。詩經．大雅．思齊：「雝雝在宮，肅肅在朝。」近雍熙亦作「雍雍」。
喁喁,yú yú,  ㄩˊ ㄩˊ,低語聲。聊齋志異．卷二．聶小倩：「聞舍北喁喁，如有家口。」眾人向慕的樣子。史記．卷一一七．司馬相如傳：「延頸舉踵，喁喁然皆爭歸義。」三國志．卷三十五．蜀書．諸葛亮傳：「天下英雄喁喁，冀有所望。如不從議者，士大夫各歸求主，無為從公也。」
顒顒,yóng yóng,ㄩㄥˊ ㄩㄥˊ,溫和的樣子。詩經．大雅．卷阿：「顒顒卬卬，如圭如璋，令聞令望。」仰慕的樣子。淮南子．俶真：「是故聖人呼吸陰陽之氣，而群生莫不顒顒然。」波高的樣子。文選．枚乘．七發：「顒顒卬卬，椐椐彊彊。」
顒然,NA,NA,"NA"
優游,yōu yóu,ㄧㄡ ㄧㄡˊ,閒暇自得的樣子。詩經．大雅．卷阿：「伴奐爾游矣，優游爾休矣。」明．江盈科．雪濤小說．妄心：「我與爾優游以終餘年，不亦快乎？」反忙碌、匆忙或作「優繇」、「優遊」。委心任運。淮南子．本經：「古之人同氣于天地，與一世而優游。」猶豫不決的樣子。尚書大傳．卷四．康誥：「周公將作禮樂，優游之三年不能作。」漢書．卷五十八．兒寬傳：「今將舉大事，優游數年，使群臣得人自盡，終莫能成。」寬裕、有餘裕。淮南子．俶真：「由此觀之，物莫不生於有也，小大優游矣。」宋．蕭德藻．樵夫詩：「一擔乾柴古渡頭，盤纏一日頗優游。」廣大、寬廣。楚辭．屈原．九章．惜往日：「封介山而為之禁兮，報大德之優游。」閒暇自得的樣子。後漢書．卷六十八．符融傳：「融同郡田盛，字仲嚮，與郭林宗同好，亦名知人，優遊不仕，並以壽終。」亦作「優游」。古代車上的用具。南齊書．卷十七．輿服志：「玉輅，漆畫輪，兩廂上望板前優遊。」
優遊,NA,NA,"NA"
優柔,yōu róu,ㄧㄡ ㄖㄡˊ,和平。文選．王襃．洞簫賦：「優柔溫潤，又似君子。」寬舒、從容不迫。魏書．卷五十六．鄭羲傳：「垂心經素，優柔墳籍。」南朝梁．劉勰．文心雕龍．書記：「故宜條暢以任氣，優柔以懌懷。」因循不決。新唐書．卷一○五．褚遂良傳：「昔漢武帝行岱禮，優柔者數年，臣愚願加詳慮。」如：「優柔寡斷」。反果斷、果決
呦呦,yōu yōu,ㄧㄡ ㄧㄡ,狀聲詞。形容鹿鳴聲。詩經．小雅．鹿鳴：「呦呦鹿鳴，食野之苹。」唐．李頎．聽董大彈胡笳兼寄語弄房給事詩：「迸泉颯颯飛木末，野鹿呦呦走堂下。」
悠悠,yōu yōu,ㄧㄡ ㄧㄡ,安閒暇適的樣子。唐．王勃．滕王閣詩：「閒雲潭影日悠悠，物換星移幾度秋。」憂思的樣子。詩經．鄭風．子矜：「青青子矜，悠悠我心。」眇遠無盡的樣子。詩經．鄘風．載馳：「驅馬悠悠，言至于漕。」唐．陳子昂．登幽州臺歌：「念天地之悠悠，獨愴然而涕下。」眾多。後漢書．卷四十三．朱穆傳：「記短則兼折其長，貶惡則并伐其善。悠悠者皆是，其可稱乎！」行走的樣子。詩經．小雅．黍苗：「悠悠南行，召伯勞之。」荒謬不合事理。晉書．卷六十五．王導傳：「悠悠之談，宜絕智者之口。」聊齋志異．卷二．紅玉：「然官宰悠悠，豎人毛髮。」
悠揚,yōu yáng,ㄧㄡ ㄧㄤˊ,飄忽不定的樣子。唐．錢起．送鍾評事應宏詞下第東歸詩：「世事悠揚春夢裡，年光寂寞旅愁中。」形容聲音迴盪，傳揚很遠。西遊記．第二十一回：「山凹裡果有一座禪院，只聽得鐘磬悠揚，又見那香煙縹緲。」儒林外史．第三十回：「音韻悠揚，足唱了三頓飯時候纔完。」近婉轉反高亢、沉鬱長遠貌。宋．洪适．隸釋．卷八．冀州從事張表碑：「世雖短兮名悠長，位雖少兮功悠揚。」太陽西下的樣子。南朝梁．蕭子暉．冬草賦：「日悠揚而少色，天陰霖而四下。」唐．李頻．送邊將詩：「悠揚落日黃雲動，莽蒼陰風白草翻。」亦作「悠陽」。
攸攸,yōu yōu,ㄧㄡ ㄧㄡ,遼遠的樣子。漢書．卷一○○．敘傳下：「攸攸外寓，閩越、東甌。」憂思的樣子。唐．柳宗元．答問：「攸攸恤恤，卒自禍賊。」短短的。唐．歐陽詹．送張尚書書：「以尚書山容海納，則自斷於胸襟矣，豈在攸攸八行尺牘進退於人乎？」
油然,yóu rán,ㄧㄡˊ ㄖㄢˊ,自然而然。如「油然而生」。莊子．知北遊：「陰陽四時，運行各得其序，惛然若亡而存，油然不形而神。」充沛的樣子。孟子．梁惠王上：「天油然作雲，沛然下雨。」舒緩貌。孔子家語．卷一．五儀解：「篤行信道，自強不息，油然若將可越而終不可及者，此則君子也。」
油油,yóu yóu,ㄧㄡˊ ㄧㄡˊ,和謹、恭敬的樣子。禮記．玉藻：「君子之飲酒也，受一爵而色灑如也，二爵而言言斯禮巳，三爵而油油以退。」草木有光澤的樣子。史記．卷三十八．宋微子世家：「麥秀漸漸兮，禾黍油油。」如：「綠油油」。流動順暢的樣子。楚辭．劉向．九歎．遠逝：「江湘油油，長流汨兮，挑揄揚汰，盪迅疾兮。」文選．司馬相如．封禪文：「自我天覆，雲之油油，甘露時雨，厥壤可遊。」
浟浟,NA,NA,"NA"
浟浟,NA,NA,"NA"
猶豫,yóu yù,ㄧㄡˊ ㄩˋ,遲疑不決。楚辭．屈原．離騷：「心猶豫而狐疑兮，欲自適而不可。」紅樓夢．第五回：「正在猶豫之間，忽見警幻從後追來，告道：『快休前進，作速回頭要緊。』」因猶豫為雙聲字，以聲取義而無本字，故或作「由豫」、「游預」、「游豫」、「猶夷」、「猶與」。近徬徨、遲疑、躊躇、夷由、夷猶、游移反斷然、果斷、果決、堅決、決斷
由由,yóu yóu,ㄧㄡˊ ㄧㄡˊ,自得的樣子。孟子．公孫丑上：「故由由然與之偕而不自失焉，援而止之而止，援而止之而止者，是亦不屑去已。」
眑眑,NA,NA,"NA"
蚴虯,NA,NA,"NA"
黝黝,yǒu yǒu,ㄧㄡˇ ㄧㄡˇ,陰暗的樣子。文選．左思．魏都賦：「黝黝桑柘，油油麻紵。」南朝梁．任昉．落日泛舟東溪詩：「黝黝桑柘繁，芃芃麻麥盛。」
黝糾,yǒu jiū,ㄧㄡˇ ㄐㄧㄡ,林木相連繞。文選．王延壽．魯靈光殿賦：「傍夭蟜以橫出，互黝糾而博負。」
幼妙,NA,NA,"NA"
幼眇,NA,NA,"NA"
褏然,NA,NA,"NA"
紆餘,yū yú,ㄩ ㄩˊ,曲折婉轉。文選．司馬相如．上林賦：「終始灞滻，出入涇渭，酆、鎬、潦、潏，紆餘委蛇，經營乎其內。」形容文章曲折。宋．蘇洵．上歐陽內翰第一書：「執事之文，紆餘委備。」
俞俞,yú yú,ㄩˊ ㄩˊ,從容自得的樣子。莊子．天道：「無為則俞俞，俞俞者，憂患不能處，年壽長矣。」
俞然,NA,NA,"NA"
揄揚,yú yáng,ㄩˊ ㄧㄤˊ,稱揚、讚譽。文選．班固．兩都賦序：「雍容揄揚，著於後嗣。」文選．曹植．與楊德祖書：「辭賦小道，固未足以揄揚大義，彰示來世也。」近吹噓反抨擊
麌麌,yǔ yǔ,ㄩˇ ㄩˇ,鹿群聚集的樣子。詩經．小雅．吉日：「獸之所同，麀鹿麌麌。」或作「噳噳」。
彧彧,yù yù,ㄩˋ ㄩˋ,富有文采的樣子。文選．何晏．景福殿賦：「姜瓌瑋以壯麗，紛彧彧其難分。」茂盛的樣子。詩經．小雅．信南山：「疆場翼翼，黍稷彧彧。」
昱昱,yù yù,ㄩˋ ㄩˋ,形容日光的閃耀。晉．傅玄．紫華賦：「渙渙昱昱，而奪人目精。」
煜煜,yù yù,ㄩˋ ㄩˋ,光明照耀的樣子。南朝梁．簡文帝．詠朝日詩：「團團出天外，煜煜上層峰。」宋．蘇軾．二十七日自陽平至斜谷宿於南山中蟠龍寺詩：「谷中暗水響瀧瀧，嶺上疏星明煜煜。」
燠煜,NA,NA,"NA"
郁郁,yù yù,ㄩˋ ㄩˋ,文采美盛的樣子。論語．八佾：「周監於二代，郁郁乎文哉，吾從周。」香氣濃烈的樣子。文選．司馬相如．上林賦：「郁郁菲菲，眾香發越。」悶悶不樂。史記．卷九十二．淮陰侯傳：「吾亦欲東耳，安能鬱鬱久居此乎？」近邑邑茂盛的樣子。文選．古詩十九首．青青河畔草：「青青河畔草，鬱鬱園中柳。」芳香。文選．劉孝標．廣絕交論：「且心同琴瑟，言鬱郁於蘭茝。」李善．注：「鬱郁，香也。」
蜎蜎,yuān yuān,ㄩㄢ ㄩㄢ,蟲蠕動屈曲的樣子。詩經．豳風．東山：「蜎蜎者蠋，烝在桑野。」
源源,yuán yuán,ㄩㄢˊ ㄩㄢˊ,水流不斷，引申為連續的樣子。宋．曾鞏．冬望詩：「日令我意失枯槁，水之灌養源源來。」
爰爰,yuán yuán,ㄩㄢˊ ㄩㄢˊ,舒緩的樣子。詩經．王風．兔爰：「有兔爰爰，雉離于羅。」
樂託,lè tuō,ㄌㄜˋ ㄊㄨㄛ,行為放浪散漫而無節制。南朝宋．劉義慶．世說新語．賞譽：「王修載樂託之性，出自門風。」亦作「落托」、「落拓」。失意、落寞的樣子。如：「他一生樂託，抑鬱不得志。」亦作「落拓」。
爚爚,yuè yuè,ㄩㄝˋ ㄩㄝˋ,光明的樣子。文選．班固．西都賦：「震震爚爚，雷奔電激。」
躍躍,yuè yuè,ㄩㄝˋ ㄩㄝˋ,心動不定的樣子。晉．夏侯湛．獵兔賦：「擢輕足之煢煢，振遊形之躍躍。」喜悅的樣子。唐．韓愈．韋侍講盛山十二詩序：「夫得利則躍躍以喜，不利則戚戚以泣。」
躍躍,yuè yuè,ㄩㄝˋ ㄩㄝˋ,心動不定的樣子。晉．夏侯湛．獵兔賦：「擢輕足之煢煢，振遊形之躍躍。」喜悅的樣子。唐．韓愈．韋侍講盛山十二詩序：「夫得利則躍躍以喜，不利則戚戚以泣。」
畇畇,yún yún,ㄩㄣˊ ㄩㄣˊ,田地開墾得很平的樣子。詩經．小雅．信南山：「畇畇原隰，曾孫田之。」
紜紜,yún yún,ㄩㄣˊ ㄩㄣˊ,多而紛亂的樣子。唐．白居易．朱陳村詩：「機梭聲札札，牛驢走紜紜。」
芸芸,yún yún,ㄩㄣˊ ㄩㄣˊ,眾多的樣子。老子．第十六章：「夫物芸芸，各復歸其根。」抱朴子．外篇．逸民：「萬物芸芸，化為埃塵矣。」亦作「云云」。
雜錯,zá cuò,ㄗㄚˊ ㄘㄨㄛˋ,間雜、錯雜。後漢書．卷五十九．張衡傳：「舒妙婧之纖腰兮，揚雜錯之袿徽。」三國志．卷五十三．吳書．張紘傳：「賢愚雜錯，長幼失敘。」或作「雜厝」。
雜襲,NA,NA,"NA"
雜遝,zá tà,ㄗㄚˊ ㄊㄚˋ,眾多而紛亂的樣子。漢書．卷三十六．楚元王劉交傳：「及至周文，開基西郊，雜遝眾賢，罔不肅和，崇推讓之風，以銷分爭之訟。」唐．杜甫．麗人行：「簫鼓哀吟感鬼神，賓從雜遝實要津。」
在在,zài zài,ㄗㄞˋ ㄗㄞˋ,處處。宋．楊萬里．明發南屏詩：「新晴在在野花香，過語迢迢沙路長。」紅樓夢．第五十八回：「或呈告無據，或舉薦無因，種種不善，在在生事，也難備述。」近到處、隨處
牂牂,zāng zāng,ㄗㄤ ㄗㄤ,枝葉茂盛的樣子。詩經．陳風．東門之楊：「東門之楊，其葉牂牂。」毛亨．傳：「牂牂然，盛貌。」
鑿鑿,zuò zuò,ㄗㄨㄛˋ ㄗㄨㄛˋ,鮮明的樣子。詩經．唐風．揚之水：「揚之水，白石鑿鑿。」唐．白居易．香鑪峰下新置草堂即事詠懷題於石上詩：「白石何鑿鑿，清流亦潺潺。」確實可信。宋．蘇軾．鳧繹先生詩集敘：「言必中當世之過，鑿鑿乎如五穀必可以療飢。」清．孔尚任．桃花扇．第十二齣：「小弟之言鑿鑿有據，聞得前日還託柳麻子去下私書的。」近確切
慥慥,zào zào,ㄗㄠˋ ㄗㄠˋ,忠厚誠實的樣子。禮記．中庸：「庸德之行，庸言之謹，有所不足，不敢不勉，有餘不敢盡，言顧行，行顧言，君子胡不慥慥爾？」
造次,zào cì,ㄗㄠˋ ㄘˋ,倉卒、緊迫。論語．里仁：「君子無終食之間違仁，造次必於是，顛沛必於是。」後漢書．卷十六．寇恂傳：「得賢則造次未安，不賢則秖更生亂。」鹵莽。三國演義．第七十六回：「但言山城初附，民心未定，不敢造次興兵，恐失所守。」初刻拍案驚奇．卷十七：「礙著是頭一日來到，不敢就造次，只好眉梢眼角，做些功夫。」近冒昧
嘖嘖,zé zé,ㄗㄜˊ ㄗㄜˊ,狀聲詞：(1)​ 形容蟲鳥鳴叫聲。爾雅．釋鳥：「行雇唶唶，宵雇嘖嘖。」邢昺．疏：「唶唶、嘖嘖，鳥聲貌也。」初刻拍案驚奇．卷三：「那邊地方裡居民，家家蓄養蜈蚣，有大尺餘者，多放在枕畔或枕中，若有蛇至，蜈蚣便嘖嘖作聲。」(2)​ 形容咂嘴聲。表示讚嘆、驚奇。初刻拍案驚奇．卷六：「狄氏隨手就囊中取起來看，口裡嘖嘖道：『果然好珠！』」文明小史．第二十一回：「楊編修嘖嘖稱讚，說他輕了十年年紀。」形容爭相言語、議論。明史．卷二四五．周宗建傳：「近日政事，外廷嘖嘖，咸謂奧窔之中，莫可測識。」
咤,NA,NA,"NA"
咤沙,NA,NA,"NA"
占斷,zhān duàn,ㄓㄢ ㄉㄨㄢˋ,占卜以判斷吉凶。全部占有。唐．吳融．杏花詩：「粉薄紅輕掩斂羞，花中占斷得風流。」
沾沾,NA,NA,"NA"
詹詹,zhān zhān,ㄓㄢ ㄓㄢ,話多而瑣碎的樣子。莊子．齊物論：「大言炎炎，小言詹詹。」
邅迍,NA,NA,"NA"
迍邅,zhūn zhān,ㄓㄨㄣ ㄓㄢ,處境艱險，前進困難。西遊記．第四十三回：「纔脫了魔障，幸得這一路平安，又遇著黑水迍邅！」清．方成培．雷峰塔．第二十六齣：「只恨我命犯迍邅。啊呀！遇惡僧。」亦作「屯邅」。
輾轉,zhǎn zhuǎn,ㄓㄢˇ ㄓㄨㄢˇ,翻來覆去睡不著覺。漢．秦嘉．贈婦詩三首之一：「長夜不能眠，伏枕獨輾轉。」唐．白居易．長恨歌：「為感君王輾轉思，遂教方士殷勤覓。」亦作「展轉」。曲折、間接。如：「這消息是輾轉得知的。」亦作「展轉」。
展轉,zhǎn zhuǎn,ㄓㄢˇ ㄓㄨㄢˇ,反覆變化。戰國策．趙策一：「韓與秦接境壤界，其地不能千里，展轉不可約。」金瓶梅．第四十七回：「據這小廝所言，就是實話。汝等如何展轉得過。」迴環反覆。二刻拍案驚奇．卷十一：「肚裡展轉了幾番，卻就變起卦來。」翻來覆去而不得安眠。三國．魏．曹丕．雜詩：「展轉不能寐，披衣起彷徨。」亦作「輾轉」。曲折、間接。後漢書．卷六十四．趙岐傳：「岐與新除諸郡太守數人俱為賊邊章等所執。賊欲脅以為帥，岐詭辭得免，展轉還長安。」亦作「輾轉」。流轉遷徙。漢．無名氏．飲馬長城窟行：「他鄉各異縣，展轉不相見。」
嶄然,zhǎn rán,ㄓㄢˇ ㄖㄢˊ,高峻突出的樣子。唐．柳宗元．柳州山水近治可游者記：「北有雙山，夾道嶄然。」清．王士禎．池北偶談．卷二十六．小獵犬：「見一小鹿，長二寸許，雙角嶄然。」形容事物簇新鮮明。聊齋志異．卷十．恆娘：「袍褲襪履，嶄然一新。」
嶄巖,NA,NA,"NA"
嶄巗,NA,NA,"NA"
嶄嶄,NA,NA,"NA"
蹍然,NA,NA,"NA"
湛湛,zhàn zhàn,ㄓㄢˋ ㄓㄢˋ,濃重深厚的樣子。詩經．小雅．湛露：「湛湛露斯，匪陽不晞。」南朝梁．武帝．逸民詩十二首之十一：「巖巖山高，湛湛水深。」清明澄澈的樣子。元．關漢卿．竇娥冤．第三折：「若沒些兒靈聖與世人傳，也不見得湛湛青天。」石點頭．卷十二．侯官縣烈女殲仇：「湛湛青天不可欺，未曾舉意早先知；善惡到頭終有報，只爭來早與來遲。」
啁哳,zhōu zhá,ㄓㄡ ㄓㄚˊ,狀聲詞。形容繁雜細碎的聲音。楚辭．宋玉．九辯：「鴈廱廱而南遊兮，鵾雞啁哳而悲鳴。」清．紀昀．閱微草堂筆記．卷九．如是我聞三：「其人舉手指揮，語啁哳不可辨。」
啁噍,zhōu jiū,ㄓㄡ ㄐㄧㄡ,一種鳥，指鷦鷯。呂氏春秋．慎行論．求人：「啁噍巢於林，不過一枝。」狀聲詞。形容鳥鳴聲。禮記．三年問：「至於燕雀猶有啁噍之頃焉。」
啁啾,zhōu jiū,ㄓㄡ ㄐㄧㄡ,狀聲詞：(1)​ 形容鳥叫聲。唐．王維．黃雀痴詩：「到大啁啾解游颺，各自東西南北飛。」(2)​ 形容樂器齊奏的聲音。唐．杜甫．渼彼行：「鳧鷖散亂棹謳發，絲管啁啾空翠。」(3)​ 形容幼兒學話的聲音。聊齋志異．卷三．夜叉國：「徐輒教以人言，漸能語，啁啾之中，有人氣焉。」
招搖,NA,NA,"NA"
招搖,NA,NA,"NA"
晣晣,NA,NA,"NA"
蟄蟄,zhí zhí,ㄓˊ ㄓˊ,形容眾多。詩經．周南．螽斯：「螽斯羽揖揖兮，宜爾子孫蟄蟄兮。」唐．李賀．感諷詩五首之五：「侵衣野竹香，蟄蟄垂葉厚。」
斟酌,zhēn zhuó,ㄓㄣ ㄓㄨㄛˊ,斟，倒酒。酌，飲酒。斟酌借指飲酒。文選．蘇武．詩四首之一：「願子留斟酌，敘此平生親。」晉．陶淵明．移居詩二首之二：「過門更相呼，有酒斟酌之。」考慮可否而決定取捨。國語．周語上：「近臣盡規，親戚補察，瞽、史教誨，耆、艾修之，而後王斟酌焉，是以事行而不悖。」紅樓夢．第十回：「大家斟酌一個方兒，可用不可用，那時大爺再定奪。」近推敲、考慮、酌量、商量、商酌、研究
榛榛,zhēn zhēn,ㄓㄣ ㄓㄣ,草木叢生蕪雜的樣子。漢書．卷五十七．司馬相如傳下：「觀眾樹之蓊薆兮，覽竹林之榛榛。」唐．柳宗元．封建論：「草木榛榛，鹿豕狉狉。」
甄甄,NA,NA,"NA"
蓁蓁,zhēn zhēn,ㄓㄣ ㄓㄣ,草木茂盛的樣子。詩經．周南．桃夭：「桃之夭夭，其葉蓁蓁。」文選．張衡．思玄賦：「怬河林之蓁蓁兮，偉關雎之戒女。」積聚的樣子。楚辭．屈原．招魂：「蝮蛇蓁蓁，封狐千里些。」
陣陣,zhèn zhèn,ㄓㄣˋ ㄓㄣˋ,時有時無，斷續不止。唐．劉禹錫．淮陰行五首之三：「船頭大銅環，摩挲光陣陣。」宋．林逋．梅花詩：「小園煙景正淒迷，陣陣寒香壓麝臍。」
崢嶸,NA,NA,"NA"
征營,NA,NA,"NA"
蒸蒸,zhēng zhēng,ㄓㄥ ㄓㄥ,上升的樣子。如：「夏日午後的一場驟雨，柏油路面水氣蒸蒸，煞是好看。」
錚錚,zhēng zhēng,ㄓㄥ ㄓㄥ,狀聲詞。形容玉石或金屬碰擊所發的聲音。唐．白居易．夢仙詩：「羽衣忽飄飄，玉鸞俄錚錚。」宋．歐陽修．秋聲賦：「鏦鏦錚錚，金鐵皆鳴。」形容人品卓越出眾。清．侯方域．李姬傳：「妾少從假母識陽羨君，其人有高義。聞吳君尤錚錚。」見「錚錚佼佼」條。
鬇鬡,zhēng níng,ㄓㄥ ㄋㄧㄥˊ,鬚髮蓬亂的樣子。唐．韓愈、孟郊．征蜀聯句：「怒鬚猶鬇鬡，斷臂仍𤬁𤫶。」醜陋、醜惡的樣子。唐．元稹．酬獨孤二十六送歸通州詩：「下觀鬇鬡輩，一掃冀不存。」聊齋志異．卷四．羅剎海市：「以次各指其官職，率鬇鬡怪異。」
正營,NA,NA,"NA"
鄭重,zhèng zhòng,ㄓㄥˋ ㄓㄨㄥˋ,慎重，謹慎小心。紅樓夢．第十九回：「黛玉見他說的鄭重，且又正言厲色，只當是真事。」文明小史．第二十三回：「洋人去後，萬帥回轅，見制軍待洋人那般鄭重，自己也就收拾一間西式屋子出來。」近隆重、謹慎、莊重、慎重殷勤。唐．白居易．庾順之以紫霞綺遠贈以詩答之詩：「千里故人心鄭重，一端香綺紫氛氳。」唐．李商隱．無題詩：「錦長書鄭重，眉細恨分明。」
殖殖,zhí zhí,ㄓˊ ㄓˊ,平正的樣子。詩經．小雅．斯干：「殖殖其庭，有覺其楹。」毛亨．傳：「殖殖，言平正也。」唐．權德輿．開州刺史新宅記：「合於古常，得其時制，殖殖廣庭，渠渠中堂。」
躑躅,zhí zhú,ㄓˊ ㄓㄨˊ,徘徊不前的樣子。漢．秦嘉．贈婦詩三首之二：「臨路懷惆悵，中駕正躑躅。」樂府詩集．卷七十三．雜曲歌辭十三．古辭．焦仲卿妻：「躑躅青驄馬，流蘇金鏤鞍。」近徘徊、踟躕、躊躇山躑躅的簡稱。見「山躑躅」條。
咫尺,zhǐ chǐ,ㄓˇ ㄔˇ,形容距離很近。文選．揚雄．長楊賦：「且盲者不見咫尺，而離婁燭千里之隅。」初刻拍案驚奇．卷三十六：「須臾大雪，咫尺昏黑。」如：「近在咫尺」。
贄然,NA,NA,"NA"
侜張,zhōu zhāng,ㄓㄡ ㄓㄤ,誑騙。詩經．陳風．防有鵲巢「誰侜予美」句下鄭玄．箋：「誰侜張誑欺我所美之人乎？」亦作「譸張」。
譸張,zhōu zhāng,ㄓㄡ ㄓㄤ,欺詐、誑騙。書經．無逸：「民無或胥譸張為幻，此厥不聽，人乃訓之。」亦作「侜張」。
輈張,zhōu zhāng,ㄓㄡ ㄓㄤ,強橫的樣子。後漢書．卷十．皇后紀下．孝仁董皇后紀：「后忿恚詈言曰：『汝今輈張，怙汝兄耶？』」驚懼的樣子。晉．劉琨．答盧諶詩．序：「自頃輈張，困於逆亂。」
侏儒,zhū rú,ㄓㄨ ㄖㄨˊ,身材過度矮小的人。反巨人見「侏儒症」條。古代表演雜伎或以滑稽動作引人笑樂的藝人。荀子．王霸：「俳優侏儒婦女之請謁以悖之。」梁上短柱。禮記．明堂位．鄭玄．注：「藻梲，畫侏儒柱，為藻文也。」唐．韓愈．進學解：「夫大木為杗，細木為桷，欂櫨侏儒，椳闑扂楔，各得其宜，施以成室者，匠氏之工也。」
嫥捖,NA,NA,"NA"
惴惴,zhuì zhuì,ㄓㄨㄟˋ ㄓㄨㄟˋ,憂懼戒慎的樣子。詩經．小雅．小宛：「惴惴小心，如臨于谷。」宋．蘇軾．秦始皇帝論：「與禽獸爭一旦之命，惴惴焉。朝不謀夕。」
惴耎,zhuì ruǎn,ㄓㄨㄟˋ ㄖㄨㄢˇ,蟲蠕動的樣子。莊子．胠篋：「惴耎之蟲，肖翹之物。」
屯屯,NA,NA,"NA"
肫肫,zhūn zhūn,ㄓㄨㄣ ㄓㄨㄣ,誠懇的樣子。禮記．中庸：「肫肫其仁，淵淵其淵，浩浩其天。」
訰訰,zhùn zhùn,ㄓㄨㄣˋ ㄓㄨㄣˋ,心亂的樣子。如：「這幾天他一直訰訰不安，心神難定。」
卓犖,zhuó luò,ㄓㄨㄛˊ ㄌㄨㄛˋ,卓絕超群。文選．左思．詠史詩八首之一：「弱冠弄柔翰，卓犖觀群書。」儒林外史．第二十九回：「風流高會，江南又見奇蹤，卓犖英姿，海內都傳雅韻。」亦作「卓躒」。
汋約,NA,NA,"NA"
綽約,chuò yuē,ㄔㄨㄛˋ ㄩㄝ,柔媚婉約。莊子．逍遙遊：「肌膚若冰雪，綽約若處子。」聊齋志異．卷二．聶小倩：「母見其綽約可愛，始敢與言。」亦作「婥約」。
濯濯,zhuó zhuó,ㄓㄨㄛˊ ㄓㄨㄛˊ,光明。詩經．大雅．崧高：「四牡蹻蹻，鉤膺濯濯。」毛亨．傳：「濯濯，光明也。」清朗、清新。唐．喬知之．折楊柳詩：「可憐濯濯春楊柳，攀折將來就纖手。」宋．蘇軾．記所見開元寺吳道子畫佛滅度以答子由題畫文殊普賢詩：「初如濛濛隱山玉，漸如濯濯出水蓮。」形容山上沒有草木。孟子．告子上：「牛山之木嘗美矣，……牛羊又從而牧之，是以若彼濯濯也。」肥壯。詩經．大雅．靈臺：「麀鹿濯濯，白鳥翯翯。」明．徐復祚．投梭記．第十九齣：「體濯濯以馴肥，常侍姬文于靈囿。」
灼灼,zhuó zhuó,ㄓㄨㄛˊ ㄓㄨㄛˊ,花茂盛鮮明。詩經．周南．桃夭：「桃之夭夭，灼灼其華。」唐．白居易．秦中吟．買花：「灼灼百朵紅，戔戔五束素。」明亮。文選．阮籍．詠懷詩十七首之十四：「灼灼西隤日，餘光照我衣。」
灼然,zhuó rán,ㄓㄨㄛˊ ㄖㄢˊ,明白、清楚。書經．呂刑．孔安國．傳：「灼然彰著四方，故天下之士無不惟德之勤。」晉．劉寔．崇讓論：「推讓之風行，則賢與不肖灼然殊矣。」
酌然,NA,NA,"NA"
咨,NA,NA,"NA"
咨嗟,zī jiē,ㄗ ㄐㄧㄝ,嘆息。唐．李白．蜀道難：「蜀道之難難於上青天，側身西望長咨嗟。」儒林外史．第一回：「那官咨嗟歎息了一回，仍舊捧詔回旨去了。」近太息、歎息、嗟歎讚嘆、嘆賞。文選．蔡邕．陳太丘碑文：「群公百寮，莫不咨嗟。」南朝宋．劉義慶．世說新語．文學：「郭陳張甚盛，裴徐理前語，理致甚微，四坐咨嗟稱快。」
孜孜,zī zī,ㄗ ㄗ,勤勉不懈。書經．益稷：「禹拜曰：『都帝予何言，予思日孜孜。』」文選．任昉．齊竟陵文宣王行狀：「雖牽以物役，孜孜無怠。」不停、不歇。聊齋志異．卷二．嬰甯：「又弔其無家，亦殊無悲意，孜孜憨笑而已。」仔細。宋．柳永．十二時．晚晴初詞：「夜永有時，分明枕上，覷著孜孜地。」元．關漢卿．玉鏡臺．第二折：「朝至暮不轉我這眼睛，孜孜覷定。」亦作「咨咨」。溫婉、柔順。宋．歐陽修．惜芳年．因倚蘭臺翠雲嚲詞：「睡未足，雙眉尚鎖，潛身走向伊行坐，孜孜地，告他梳裹。」宋元戲文輯佚．許盼盼燕子樓：「自來舉止孜孜地，那更好模好樣，一捻兒身己。」狀聲詞。形容鳥鳴聲。唐．白居易．燕示劉叟詩：「四兒日夜長，索食聲孜孜。」
孳孳,zī zī,ㄗ ㄗ,勤勉不怠。孟子．盡心上：「雞鳴而起，孳孳為善者，舜之徒也。」漢書．卷八十五．谷永傳：「宜夙夜孳孳，執伊尹之彊德，以守職匡上。」
嵫釐,zī lí,ㄗ ㄌㄧˊ,高大險峻的樣子。文選．王延壽．魯靈光殿賦：「紛庬鴻兮，崱屴嵫釐。」
趑趄,zī jū,ㄗ ㄐㄩ,想前進卻又不敢。晉．張載．劍閣銘：「一人荷戟，萬夫趑趄。」唐．韓愈．送李愿歸盤谷序：「足將進而趑趄，口將言而囁嚅。」
茈虒,NA,NA,"NA"
恣睢,cī suī,ㄘ ㄙㄨㄟ,形容暴橫、放縱。史記．卷六十一．伯夷傳：「盜蹠日殺不辜，肝人之肉，暴戾恣睢，聚黨數千人橫行天下，竟以壽終。」後漢書．卷五十二．崔駰傳：「黎、共奮以跋扈兮，羿、浞狂以恣睢。」自得的樣子。莊子．大宗師：「夫堯既已黥汝以仁義，而劓汝以是非矣。汝將何以遊夫遙蕩恣睢，轉徙之塗乎？」
縱縱,zǒng zǒng,ㄗㄨㄥˇ ㄗㄨㄥˇ,急遽的樣子。禮記．檀弓上：「喪事欲其縱縱爾。」眾多。漢書．卷二十二．禮樂志：「神之行，旌容容，騎沓沓，般縱縱。」
齱齵,NA,NA,"NA"
崒兀,zú wù,ㄗㄨˊ ㄨˋ,高聳而險峻。唐．杜甫．自京赴奉先縣詠懷五百字詩：「群冰從西下，極目高崒兀。」
鏃鏃,NA,NA,"NA"
蕞爾,zuì ěr,ㄗㄨㄟˋ ㄦˇ,很小的樣子。左傳．昭公七年：「蕞爾國，而三世執其政柄。」
噂噂,zǔn zǔn,ㄗㄨㄣˇ ㄗㄨㄣˇ,狀聲詞。形容吵雜聲。唐．盧照鄰．釋疾文．命曰：「霓為裳兮羽為旗，雷為車兮電為斾，噂噂兮上馳，遙遙兮橫厲。」相對傾談。漢．焦延壽．易林．卷一．乾之困：「噂噂所言，莫知我垣。」
岞崿,NA,NA,"NA"
岝崿,NA,NA,"NA"
砟硌,NA,NA,"NA"
靉靆,ài dài,ㄞˋ ㄉㄞˋ,雲多而昏暗的樣子。晉．潘尼．逸民吟：「朝雲靉靆，行露未晞。」唐．鄭谷．入閣詩：「壽山晴靉靆，顥氣暖連延。」眼鏡。見明．田藝蘅．留青日札摘抄．卷二．靉靆。
啽囈,án yì,ㄢˊ ㄧˋ,夢話。列子．周穆王：「眠中啽囈呻呼，徹旦息焉。」
菴藹,àn ǎi,ㄢˋ ㄞˇ,形容茂盛。晉書．卷三十一．后妃傳上．武悼楊皇后傳：「本枝菴藹，四海蔭焉。」文選．左思．蜀都賦：「豐蔚所盛，茂八區而菴藹焉。」形容雲氣迷茫。晉書．卷八十七．涼武昭王李玄盛傳：「蔭朝雲之菴藹，仰朗日之照昫。」南朝梁．張充．與王儉書：「弱霧輕煙，乍林端而菴藹。」
欸,NA,NA,"NA"
欸乃,ǎi nǎi,ㄞˇ ㄋㄞˇ,搖櫓的聲音。唐．柳宗元．漁翁詩：「煙銷日出不見人，欸乃一聲山水綠。」划船時所唱的歌。宋．陸游．南定樓遇急雨詩：「人語朱離逢峒獠，櫂歌欸乃下吳舟。」元．鄭光祖．倩女離魂．第二折：「聽長笛一聲何處發，歌欸乃，櫓咿啞。」
皚皚,ái ái,ㄞˊ ㄞˊ,潔白的樣子。漢．劉歆．遂初賦：「漂積雪之皚皚兮，涉凝露之降霜。」
磑磑,NA,NA,"NA"
靄靄,ǎi ǎi,ㄞˇ ㄞˇ,聚集的樣子。晉．陶淵明．停雲詩：「靄靄停雲，濛濛時雨。」西遊記．第三十四回：「博山爐裡，靄靄香煙。」雪很盛的樣子。南朝宋．謝惠連．雪賦：「靄靄浮浮，瀌瀌弈弈。」
藹藹,ǎi ǎi,ㄞˇ ㄞˇ,茂盛的樣子。晉．陶淵明．和郭主簿詩：「藹藹堂前林，中夏貯清陰。」文選．束晳．補亡詩六首之五：「瞻彼崇丘，其林藹藹。」盛大眾多的樣子。詩經．大雅．卷阿：「藹藹王多吉士，維君子使媚于天子。」文選．左思．詠史詩八首之五：「峨峨高門內，藹藹皆王侯。」盡力。語出爾雅．釋訓：「藹藹萋萋，臣盡力也。」月光微暗的樣子。文選．司馬相如．長門賦：「望中庭之藹藹兮，若季秋之降霜。」南朝宋．謝莊．懷園引：「朱光藹藹雲英英，新禽喈喈又晨鳴。」
曖曖,ài ài,ㄞˋ ㄞˋ,昏暗不明的樣子。楚辭．屈原．離騷：「時曖曖其將罷兮，結幽蘭而延佇。」晉．陶淵明．歸園田居詩五首之一：「曖曖遠人村，依依墟里煙。」
艾艾,ài ài,ㄞˋ ㄞˋ,三國時魏國的鄧艾患有口吃，每次說到自己時，連說艾艾。典出南朝宋．劉義慶．世說新語．言語。後用以形容人口齒不清晰，說話不流利。
薆薆,ài ài,ㄞˋ ㄞˋ,不分明的樣子。漢．司馬相如．大人賦：「時若薆薆將混濁兮，召屏翳，誅風伯，刑雨師。」
薆薱,NA,NA,"NA"
靉靅,NA,NA,"NA"
靉霼,NA,NA,"NA"
啽哢,NA,NA,"NA"
啽默,án mò,ㄢˊ ㄇㄛˋ,緘默。新唐書．卷一三○．楊瑒傳：「融方貴，公卿啽默唯唯，獨瑒抗議，故出為華州刺史。」
菴藹,àn ǎi,ㄢˋ ㄞˇ,形容茂盛。晉書．卷三十一．后妃傳上．武悼楊皇后傳：「本枝菴藹，四海蔭焉。」文選．左思．蜀都賦：「豐蔚所盛，茂八區而菴藹焉。」形容雲氣迷茫。晉書．卷八十七．涼武昭王李玄盛傳：「蔭朝雲之菴藹，仰朗日之照昫。」南朝梁．張充．與王儉書：「弱霧輕煙，乍林端而菴藹。」
案衍,àn yǎn,ㄢˋ ㄧㄢˇ,低下。文選．司馬相如．子虛賦：「其南則有平原廣澤，登降陁靡，案衍壇曼。」不平的樣子。文選．司馬相如．上林賦：「荊吳鄭衛之聲，韶濩武象之樂，陰淫案衍之音。」文選．嵇康．琴賦：「清和條昶，案衍陸離。」
黯黮,àn tǎn,ㄢˋ ㄊㄢˇ,昏暗不明的樣子。楚辭．宋玉．九辯：「彼日月之照明兮，尚黯黮而有瑕。」
黯慘,àn cǎn,ㄢˋ ㄘㄢˇ,陰暗慘淡的樣子。唐．徐夤．過驪山賦：「但見愁雲黯慘，疊嶂嶙峋。」
昂藏,áng cáng,ㄤˊ ㄘㄤˊ,氣宇軒昂。聊齋志異．卷一．葉生：「天下之昂藏，淪落如葉生其人者，亦復不少。」
昂昂,áng áng,ㄤˊ ㄤˊ,高傲出群。文選．屈原．卜居：「寧昂昂若千里之駒乎？將汜汜若水中之鳧乎？」志節高尚，氣度不凡。漢．孔融．雜詩二首之一：「昂昂累世士，結根在所固。」隋書．卷十五．音樂志下：「顒顒卿士，昂昂侯甸。」
嗷嗷,áo áo,ㄠˊ ㄠˊ,狀聲詞：(1)​ 形容哀號聲。詩經．小雅．鴻鴈：「鴻鴈于飛，哀鳴嗷嗷。」宋．歐陽修．綠竹堂獨飲詩：「殘花不共一日看，東風送哭聲嗷嗷。」(2)​ 形容眾口嘈雜聲。漢書．卷三十六．楚元王劉交傳：「無罪無辜，讒口嗷嗷。」或作「熬熬」。
熬熬,NA,NA,"NA"
磝磝,NA,NA,"NA"
稠嶅,NA,NA,"NA"
翱翔,áo xiáng,ㄠˊ ㄒㄧㄤˊ,鳥回旋高飛。淮南子．俶真：「今矰繳機而在上，罔罟張而在下，雖欲翱翔，其勢焉得？」文選．宋玉．對楚王問：「鳳皇上擊九千里，絕雲霓、負蒼天，翱翔乎杳冥之上。」近遨遊、飛翔、飛行敖遊、彷徉。詩經．齊風．載驅：「魯道有蕩，齊子翱翔。」文選．賈誼．鵩鳥賦：「寥廓忽荒兮，與道翱翔。」
懊惱,ào nǎo,ㄠˋ ㄋㄠˇ,心中鬱恨、悔恨。唐．白居易．聽竹枝贈李侍御詩：「巴童巫女竹枝歌，懊惱何人怨咽多。」儒林外史．第十回：「魯編修自覺得此事不甚吉利，懊惱了一回，又不好說。」近悔恨、懊悔、懊喪鷓鴣啼叫聲。唐．韋莊．鷓鴣詩：「懊惱澤家非有恨，年年常憶鳳城歸。」自注：「懊惱澤家，鷓鴣之音也。」
懊憦,NA,NA,"NA"
斑剝,NA,NA,"NA"
斑蝥,bān máo,ㄅㄢ ㄇㄠˊ,虎甲蟲的別名。見「虎甲蟲」條。
斒斕,bān lán,ㄅㄢ ㄌㄢˊ,文彩鮮明的樣子。宋．曾鞏．靖安幽谷亭詩：「倚天巉巖姿，青蒼露斒斕。」
陂陀,pō tuó,ㄆㄛ ㄊㄨㄛˊ,不平坦、不順利。文選．司馬相如．子虛賦：「罷池陂陀，下屬江河。」
鵯鶋,bēi jū,ㄅㄟ ㄐㄩ,動物名。一種鳥。大如鴿，百千為群，其形如烏，其聲雅雅。或稱為「鴉烏」。
苯䔿,NA,NA,"NA"
崩騰,NA,NA,"NA"
唪唪,fěng fěng,ㄈㄥˇ ㄈㄥˇ,多實的樣子。詩經．大雅．生民：「蓺之荏菽，荏菽旆旆，禾役穟穟，麻麥幪幪，瓜瓞唪唪。」
菶茸,NA,NA,"NA"
逼迸,NA,NA,"NA"
俾倪,bì nì,ㄅㄧˋ ㄋㄧˋ,斜著眼睛看人，表示傲然輕視或瞧不起的意思。史記．卷七十七．魏公子傳：「侯生下見其客朱亥，俾倪故久立，與其客語，微察公子。」亦作「睥睨」。古代城牆上的矮牆，通常設有射箭用的小孔，可以禦敵或偵查。墨子．備城門：「俾倪廣三尺，高二尺五寸。」戰國．孫臏．孫臏兵法．陳忘問壘：「發者，所以當俾倪也。」亦作「埤堄」、「睥睨」。
埤坭,NA,NA,"NA"
佖佖,NA,NA,"NA"
弊弊,NA,NA,"NA"
怭怭,bì bì,ㄅㄧˋ ㄅㄧˋ,傲慢無禮，喪失威儀。詩經．小雅．賓之初筵：「曰既醉止，威儀怭怭。」毛亨．傳：「怭怭，媟嫚也。」
篳篥,bì lì,ㄅㄧˋ ㄌㄧˋ,樂器名。一種管樂器，以竹為管，以蘆為首，其聲甚悲。亦稱為「觱篥」。
苾苾,bì bì,ㄅㄧˋ ㄅㄧˋ,香氣濃郁。詩經．小雅．信南山：「是蒸是享，苾苾芬芬，祀事孔明。」鄭玄．箋：「苾苾芬芬然，香祀禮於是則甚明也。」或作「飶飶」。
蓽茇,NA,NA,"NA"
蔽芾,bì fèi,ㄅㄧˋ ㄈㄟˋ,茂盛的樣子。詩經．召南．甘棠：「蔽芾甘棠，勿翦勿伐。」宋．朱熹．詩集傳．卷一．召南．甘棠：「蔽芾，盛貌。」
薜荔,bì lì,ㄅㄧˋ ㄌㄧˋ,植物名。桑科榕屬，常綠蔓莖灌木。葉橢圓，花細而隱於花托中。果實浸出的黏液可製造涼粉及清涼飲料。可入藥。亦稱為「木蓮」。餓鬼。譯自胡語。佛教六道之一。這類眾生由於過去世所造的惡業，招致投生為餓鬼，常處在極度飢餓的狀態。放光般若經．卷三：「我當為泥犁、薜荔中罪人所受苦痛，我當為眾生代受無央數劫苦痛。」亦稱為「餓鬼」。
襞襀,NA,NA,"NA"
觱沸,bì fèi,ㄅㄧˋ ㄈㄟˋ,泉水湧出的樣子。詩經．大雅．瞻卬：「觱沸檻泉，維其深矣。」
觱發,bì fā,ㄅㄧˋ ㄈㄚ,風寒。詩經．豳風．七月：「一之日觱發，二之日栗烈。」
赑屓,NA,NA,"NA"
辟易,bì yì,ㄅㄧˋ ㄧˋ,退避。史記．卷七．項羽本紀：「是時，赤泉侯為騎將，追項王，項王瞋目而叱之，赤泉侯人馬俱驚，辟易數里，與其騎會為三處。」宋．文天祥．正氣歌：「如此再寒暑，百沴自辟易。」開墾。呂氏春秋．士容論．上農：「地未辟易，不操麻，不出糞。」
蝙蝠,biān fú,ㄅㄧㄢ ㄈㄨˊ,動物名。哺乳動物翼手目。外形似鼠，四肢與身體之間有膜相連，故能飛翔。眼睛小，視力弱，靠體內聲納系統發出的高頻率音波所得回來的回聲來引導飛行，所以善於夜間活動。亦稱為「飛鼠」、「伏翼」、「服翼」、「仙鼠」、「夜燕」。
便辟,pián pì,ㄆㄧㄢˊ ㄆㄧˋ,善於迎合他人。論語．季氏：「益者三友，損者三友。友直、友諒、友多聞，益矣；友便辟、友善柔、友便佞，損矣。」
瀌瀌,biāo biāo,ㄅㄧㄠ ㄅㄧㄠ,雨雪盛多的樣子。詩經．小雅．角弓：「雨雪瀌瀌，見晛曰消。」
鑣鑣,biāo biāo,ㄅㄧㄠ ㄅㄧㄠ,盛多的樣子。廣雅．釋訓：「鑣鑣，盛也。」詩經．衛風．碩人：「朱幩鑣鑣，翟茀以朝。」
髟鼬,NA,NA,"NA"
蹩躠,bié sà,ㄅㄧㄝˊ ㄙㄚˋ,竭盡心力的樣子。莊子．馬蹄：「蹩躠為仁，踶跂為義，而天下始疑矣。」成玄英．疏：「蹩躠，用力之貌。」迴旋起舞的樣子。文選．張衡．南都賦：「翹遙遷延，蹩躠蹁躚。」唐．盧照鄰．五悲文．悲人生：「鐘鼓玉帛，蹩躠蹁躚。」行走不正常的樣子。宋．蘇舜欽．悲二子聯句詩：「弱女痴蹩躠，文隨寒餓飢。」聊齋志異．卷四．續黃粱：「又顧斜日已墜，無可投止，不得已，參差蹩躠而行。」
彬彬,bīn bīn,ㄅㄧㄣ ㄅㄧㄣ,各種不同事物配合適當的樣子。論語．雍也：「質勝文則野，文勝質則史，文質彬彬，然後君子。」南朝梁．劉勰．文心雕龍．史傳：「其十志該富，讚序弘麗，儒雅彬彬，信有遺味。」亦作「斌斌」。
檳榔,bīn láng,ㄅㄧㄣ ㄌㄤˊ,植物名。棕櫚科檳榔屬，常綠喬木。高三丈多，葉為羽狀複葉，幹似椰子而細，栽種五年，才能結實，形似肉荳𦸅。一幹有三、四穗，每穗結實三、四百顆，味澀而微甘。將果實切開，加入石灰、荖花食之，有強齒、消食、健胃的功用。產於東印度等地。或作「賓門」、「賓郎」。
玢豳,NA,NA,"NA"
繽紛,bīn fēn,ㄅㄧㄣ ㄈㄣ,雜亂而繁盛的樣子。晉．陶淵明．桃花源記：「芳草鮮美，落英繽紛。」紅樓夢．第十七、十八回：「只見園中香煙繚繞，花彩繽紛，處處燈光相映，時時細樂聲喧，說不盡這太平氣象，富貴風流。」
邴邴,bǐng bǐng,ㄅㄧㄥˇ ㄅㄧㄥˇ,愉悅的樣子。莊子．大宗師：「邴邴乎其似喜乎？崔乎其不得已乎？」
撥剌,bō là,ㄅㄛ ㄌㄚˋ,撥弄。元．司農司．農桑輯要．卷二．播種．苧麻：「于畦內用極細梢杖三四根，撥刺令平可。」或作「扒剌」。琴聲走調。淮南子．脩務：「琴或撥剌枉橈，闊解漏越。」高誘．注：「撥剌，不正。」狀聲詞。形容魚兒自水面躍起及縱入水裡，拍擊水面所發出的聲音。唐．杜甫．漫成詩：「沙頭宿鷺聯拳靜，船尾跳魚撥剌鳴。」
玻璃,bō li,ㄅㄛ ˙ㄌㄧ,用白砂、石灰石、碳酸鈉、碳酸鉀等混合起來，加高熱燒融，冷卻後製成的堅硬物質。有透明與半透明兩種，可以製成鏡子、窗戶等各種用具。
餺飥,bó tuō,ㄅㄛˊ ㄊㄨㄛ,湯餅。或以為湯麵。宋．陳亮．壬寅夏答朱元晦秘書：「若今更不雨，恐巧新婦做不得無麵餺飥。」或作「餺飩」、「不托」、「不託」、「拉麵」。
勃然,bó rán,ㄅㄛˊ ㄖㄢˊ,發怒衝動的樣子。孟子．萬章下：「王勃然變乎色。」戰國策．趙策三：「威王勃然怒曰：『叱嗟！而母婢也！』」亦作「勃如」。興起、奮起的樣子。淮南子．兵略：「有聖人勃然而起，乃討強暴，平亂世，夷險除穢，以濁為清，以危為寧。」突然。莊子．天地：「蕩蕩乎，忽然出，勃然動，而萬物從之乎。」
勃窣,bó sù,ㄅㄛˊ ㄙㄨˋ,匍匐慢行。形容人言談緩慢。晉書．卷七十五．張憑傳：「帝召與語，歎曰：『張憑勃窣為理窟。』」
欂櫨,bó lú,ㄅㄛˊ ㄌㄨˊ,柱上承梁的短木。淮南子．本經：「標枺欂櫨，以相支持。」唐．韓愈．進學解：「欂櫨侏儒，椳闑扂楔。」亦稱為「斗拱」。
馞馞,NA,NA,"NA"
布濩,bù huò,ㄅㄨˋ ㄏㄨㄛˋ,分散遍布。文選．張衡．東京賦：「聲教布濩，盈溢天區。」文選．左思．蜀都賦：「麋蕪布濩於中阿，風連莚蔓於蘭皋。」
參潭,NA,NA,"NA"
參差,cēn cī,ㄘㄣ ㄘ,雜亂不齊的樣子。詩經．周南．關雎：「參差荇菜，左右流之。」北魏．酈道元．水經注．江水注：「其間遠望，勢交嶺表，有五六峰，參差互出。」反整齊不一致、有問題。初刻拍案驚奇．卷二十九：「有甚麼說話參差了？不然或是女孩兒家貪睡，忘記了。」儒林外史．第八回：「為這交盤的事，彼此參差著，王太守不肯就接。」大約、幾乎。唐．白居易．長恨歌：「中有一人字太真，雪膚花貌參差是。」宋．辛棄疾．水龍吟．老來曾識淵明詞：「老來曾識淵明，夢中一見參差是。」
驂驔,NA,NA,"NA"
慘悴,NA,NA,"NA"
燦爛,càn làn,ㄘㄢˋ ㄌㄢˋ,形容光彩美麗。三國演義．第六十回：「果然盔甲鮮明，衣袍燦爛。」初刻拍案驚奇．卷三：「裹腹鬧裝燦爛，是個白面郎君。」近輝煌、光耀、鮮麗、絢爛、絢麗、粲煥、璀璨反慘澹、暗淡、黯淡、黯澹或作「粲爛」。形容極為卓越、顯著。後漢書．卷四十．班彪傳下：「宏亮洪業，表相祖宗，贊揚迪哲，備哉燦爛，真神明之式也。」
倉猝,cāng cù,ㄘㄤ ㄘㄨˋ,匆忙、急促。元．關漢卿．望江亭．第三折：「小詞倉猝對君書，付與你個知心人物。」文明小史．第四十八回：「如今要把失信於民的過失恢復回來，斷非倉猝所能辦到。」近倉皇、倉促反從容亦作「倉卒」。
倉皇,cāng huáng,ㄘㄤ ㄏㄨㄤˊ,恐懼忙亂的樣子。唐．陳鴻．長恨傳：「倉皇展轉，竟就死於尺組之下。」西遊記．第九回：「正在倉皇之際，忽見水面上一個死屍浮來，靠近江岸之旁。」近緊張、倉促、倉猝反鎮定、從容或作「倉黃」、「倉惶」、「蒼惶」。
倉庚,cāng gēng,ㄘㄤ ㄍㄥ,黃鶯的別名。見「黃鶯」條。
傖獰,NA,NA,"NA"
滄浪,cāng láng,ㄘㄤ ㄌㄤˊ,青色的水。晉．陸機．塘上行：「發藻玉臺下，垂影滄浪淵。」宋．張孝祥．念奴嬌．洞庭青草詞：「短髮蕭騷襟袖冷，穩泛滄浪空闊。」漢水。書經．禹貢：「嶓冢導漾，東流為漢，又東為滄浪之水。」
蒼茫,cāng máng,ㄘㄤ ㄇㄤˊ,曠遠迷茫的樣子。唐．王維．山居即事詩：「寂寞掩柴扉，蒼茫對落暉。」唐．高適．燕歌行：「邊庭飄颻那可度，絕域蒼茫更何有。」近迷茫、渺茫或作「滄茫」。
蒼蒼,cāng cāng,ㄘㄤ ㄘㄤ,深青色。漢．馬第伯．封禪儀記：「仰視巖石松樹，鬱鬱蒼蒼，若在雲中。」唐．李朝威．柳毅傳：「大天蒼蒼兮，大地茫茫。」茂盛的樣子。詩經．秦風．蒹葭：「蒹葭蒼蒼，白露為霜。」斑白的樣子。唐．韓愈．祭十二郎文：「吾年未四十，而視茫茫，而髮蒼蒼。」唐．白居易．新樂府．賣炭翁：「滿面塵灰煙火色，兩鬢蒼蒼十指黑。」
蒼黃,NA,NA,"NA"
蒼莽,cāng mǎng,ㄘㄤ ㄇㄤˇ,郊野景色看不清的樣子。聊齋志異．卷三．夜叉國：「開眼至一處，深山蒼莽。」
藏催,NA,NA,"NA"
嘈嘈,cáo cáo,ㄘㄠˊ ㄘㄠˊ,聲音雜亂。唐．白居易．琵琶行：「大弦嘈嘈如急雨，小弦切切如私語。」喧鬧、吵鬧。兒女英雄傳．第十五回：「我今日遇見這等一個知己愚兄，就喝口酒，……竟跟著嘈嘈，又說這東西，怎麼犯脾溼。」
嘈啐,NA,NA,"NA"
嘈雜,cáo zá,ㄘㄠˊ ㄗㄚˊ,形容聲音喧鬧、雜亂。紅樓夢．第五十三回：「一夜人聲嘈雜，語笑喧闐，爆竹起火絡繹不絕。」文明小史．第三回：「聽了聽二門外頭那人聲越發嘈雜，甚至拿磚頭撞的二門鼕鼕的響，其勢岌岌可危。」
嘈囋,NA,NA,"NA"
懆懆,cǎo cǎo,ㄘㄠˇ ㄘㄠˇ,憂愁不安的樣子。詩經．小雅．白華：「念子懆懆，視我邁邁。」明．張以寧．題韓氏十景卷詩：「白霽趙子詩句好，三年不見心懆懆。」
草草,cǎo cǎo,ㄘㄠˇ ㄘㄠˇ,憂勞的樣子。詩經．小雅．巷伯：「驕人好好，勞人草草。」毛亨．傳：「草草，勞心也。」唐．李商隱．贈送前劉五經映三十四韻：「草草臨盟誓，區區務富強。」粗率、不認真、不細膩。初刻拍案驚奇．卷十一：「明知這事有些尷尬，也將來草草問成，竟不想殺人可恕，情理難容。」儒林外史．第四十二回：「功名事大，不可草草。」草木茂盛的樣子。宋．蘇軾．和子由記園中草木詩十一首之三：「君看藜與藿，生意常草草。」嘈雜吵嚷，騷動不安的樣子。北齊書．卷三十．高德政傳：「世宗暴崩，事出倉卒，群情草草。」唐．孟雲卿．古挽歌：「草草閭巷喧，塗車儼成位。」書信末尾所附客套語，表簡陋欠恭敬之意。
草次,cǎo cì,ㄘㄠˇ ㄘˋ,急遽、倉卒。左傳．隱公四年．孔穎達．正義：「草次，猶造次。造次、倉卒，皆迫促不暇之意。」草間、草叢。唐．張說．諫避暑三陽宮疏：「排斥居人，蓬宿草次，風雨暴至，不知庇託。」
惻愴,cè chuàng,ㄘㄜˋ ㄔㄨㄤˋ,悲憂、哀傷。晉．陸機．門有車馬客行：「借問邦族間，惻愴論存亡。」南朝梁．劉勰．文心雕龍．哀弔：「及相如之弔二世，全為賦體，桓譚以為其言惻愴，讀者嘆息。」亦作「惻怛」。
惻惻,cè cè,ㄘㄜˋ ㄘㄜˋ,悲傷。唐．杜甫．夢李白詩二首之一：「死別已吞聲，生別常惻惻。」清．吳翌鳳．玉樓春．空園數日無芳信詞：「空園數日無芳信，惻惻殘寒猶未定。」懇切。後漢書．卷四十五．張酺傳：「張酺前入侍講，屢有諫正，誾誾惻惻，出於誠心。」
畟畟,cè cè,ㄘㄜˋ ㄘㄜˋ,鋒利的樣子。詩經．周頌．良耜：「畟畟良耜，俶載南畝。」
岑崟,cén yín,ㄘㄣˊ ㄧㄣˊ,高峻的樣子。文選．司馬相如．子虛賦：「岑崟參差，日月蔽虧。」文選．潘尼．迎大駕詩：「南山鬱岑崟，浴川迅且急。」
涔涔,cén cén,ㄘㄣˊ ㄘㄣˊ,雨多的樣子。唐．杜甫．秦州雜詩二十首之九：「雲氣接崑崙，涔涔塞雨繁。」流汗、流淚的樣子。唐．李商隱．自桂林奉使江陵途中感懷寄獻尚書詩：「江生魂黯黯，泉客淚涔涔。」煩悶困頓的樣子。唐．杜甫．風疾舟中伏枕書懷三十六韻奉呈湖南親友詩：「轉蓬憂悄悄，行藥病涔涔。」天光陰晦的樣子。宋．黃庭堅．送杜子卿歸西淮詩：「雪意涔涔滿面風，杜郎馬上若征鴻。」
嶒峵,NA,NA,"NA"
蹭蹬,cèng dèng,ㄘㄥˋ ㄉㄥˋ,倒楣、失勢、不得意。唐．李白．贈張相鎬詩二首之二：「晚途未云已，蹭蹬遭讒毀。」儒林外史．第八回：「因科名蹭蹬，不得早年中鼎甲，入翰林。」
差池,chā chí,  ㄔㄚ ㄔˊ,意外。唐．李端．古別離詩二首之二：「後事忽差池，前期日空在。」西遊記．第十九回：「不是胡說，只恐一時間有些兒差池，卻不是和尚誤了做，老婆誤了娶。」差錯、錯誤。三國演義．第七十三回：「吾若得勝回來之日，稍有差池，二罪俱罰。」水滸傳．第八回：「自蒙泰山錯愛，將令愛嫁事小人，已經三載，不曾有半些兒差池。」近錯誤亦作「差遲」。參差不齊。詩經．邶風．燕燕：「燕燕于飛，差池其羽。」南朝宋．鮑照．擬行路難十八首之三：「春燕差池風散梅，開幃對景弄禽雀。」
杈枒,chā yá,ㄔㄚ ㄧㄚˊ,樹枝分岔的樣子。唐．杜甫．鵰賦：「擊叢薄之不開，突杈枒而皆折。」或作「杈椏」。
察察,chá chá,ㄔㄚˊ ㄔㄚˊ,分別辨析。老子．第二十章：「俗人察察，我獨悶悶。」新唐書．卷二○七．宦者傳上．吐突承璀傳：「以黃門直東宮，為掖廷局博士，察察有才。」潔淨。楚辭．屈原．漁父：「安能以身之察察，受物之汶汶者乎？」
查牙,NA,NA,"NA"
侘傺,chà chì,ㄔㄚˋ ㄔˋ,失志的樣子。楚辭．屈原．離騷：「忳鬱邑余侘傺兮，吾獨窮困乎此時也。」三國．魏．曹丕．曹蒼舒誄：「兼悲增傷，侘傺失氣。」近潦倒、坎坷反軒眉
蠆芥,chài jiè,ㄔㄞˋ ㄐㄧㄝˋ,刺鯁。比喻心胸有所梗塞。文選．張衡．西京賦：「睚眥蠆芥，屍僵路隅。」
嬋媛,chán yuán,ㄔㄢˊ ㄩㄢˊ,形容姿態曼妙優雅。後漢書．卷八十．文苑傳下．邊讓傳：「形便娟以嬋媛兮，若流風之靡草。」亦作「嬋娟」。牽引、縈繞。楚辭．屈原．離騷：「女嬃之嬋媛兮，申申其詈予。」文選．張衡．南都賦：「結根竦本，垂條嬋媛。」或作「撣媛」。
嬋娟,chán juān,ㄔㄢˊ ㄐㄩㄢ,形容姿態曼妙優雅。唐．孟郊．嬋娟篇：「花嬋娟，泛春泉；竹嬋娟，籠曉煙。」元．沈禧．一枝花．天生瑚璉套．梁州曲：「腰肢嫋娜，體態嬋娟。」亦作「嬋媛」。美女、美人。唐．方干．贈趙崇侍御詩：「卻教鸚鵡呼桃葉，便遣嬋娟唱竹枝。」清．孔尚任．桃花扇．第二齣：「一帶妝樓臨水蓋，家家分影照嬋娟。」或稱為「婢娟」。形容月色明媚或指明月。唐．劉長卿．湘妃詩：「嬋娟湘江月，千載空蛾眉。」宋．蘇軾．水調歌頭．明月幾時有詞：「但願人長久，千里共嬋娟」。
巉巖,chán yán,ㄔㄢˊ ㄧㄢˊ,險峻的山石。如：「望眼過去，只見巉岩林立。」危峻的山石。唐．李白．蜀道難：「問君西遊何時還，畏途巉巖不可攀。」宋．蘇軾．後赤壁賦：「予乃攝衣而上，履巉巖，披蒙茸。」
巉巉,chán chán,ㄔㄢˊ ㄔㄢˊ,山勢高險。唐．張祜．遊天台山：「巉巉割秋碧，媧女徒巧補。」銳利、尖銳。聊齋志異．卷一．畫皮：「見一獰鬼，面翠色，齒巉巉如鋸。」
攙掄,NA,NA,"NA"
欃檀,NA,NA,"NA"
欃槍,chán chēng,ㄔㄢˊ ㄔㄥ,彗星的別名。爾雅．釋天：「彗星為欃槍。」見「彗星」條。
潺湲,chán yuán,ㄔㄢˊ ㄩㄢˊ,水流動緩慢的樣子。楚辭．屈原．九歌．湘夫人：「荒忽兮遠望，觀流水兮潺湲。」南朝宋．謝靈運．七里瀨詩：「石淺水潺湲，日落山照曜。」狀聲詞。形容水流聲。唐．岑參．過緱山王處士黑石谷隱居詩：「獨有南澗水，潺湲如昔聞。」紅樓夢．第十七、十八回：「忽聞水聲潺湲，瀉出石洞。」淚流不止的樣子。楚辭．九歌．湘君：「橫流涕兮潺湲，隱思君兮陫側。」
潺潺,chán chán,ㄔㄢˊ ㄔㄢˊ,狀聲詞：(1)​ 形容流水聲。三國．魏．曹丕．丹霞蔽日行：「谷水潺潺，木落翩翩。」唐．孟郊．弔盧殷詩十首之一：「百泉空相吊，日久哀潺潺。」(2)​ 形容雨聲。唐．柳宗元．雨中贈仙人山賈山人詩：「寒江夜雨聲潺潺，曉雲遮盡仙人山。」南唐．李煜．浪淘沙．簾外雨潺潺詞：「簾外雨潺潺，春意闌珊，羅衾不耐五更寒。」
澶湉,chán tián,ㄔㄢˊ ㄊㄧㄢˊ,形容水流緩慢沉靜。文選．左思．吳都賦：「澒溶沆瀁，莫測其深，莫究其廣，澶湉漠而無涯。」
澶漫,chán mán,ㄔㄢˊ ㄇㄢˊ,縱逸。莊子．馬蹄：「澶漫為樂，摘僻為禮。」抱朴子．外篇．詰鮑：「澶漫於淫荒之域，而叛其大始之本。」形容寬長。文選．張衡．西京賦：「據渭踞涇，澶漫靡迤。」唐．杜甫．承聞河北諸道節度入朝歡喜口號絕句十二首之八：「澶漫山東一百州，削成如按抱青邱。」
瀺灂,NA,NA,"NA"
纏綿,chán mián,ㄔㄢˊ ㄇㄧㄢˊ,糾結纏繞，無法擺脫。文選．張載．七哀詩二首之二：「丘隴日已遠，纏綿彌思深。」紅樓夢．第五回：「因近來風流冤孽，纏綿於此處。」近繾綣、綢繆反冷淡綿長久遠。晉．干寶．晉紀總論：「故其積基樹本，經緯禮俗，節理人情，恤隱民事，如此之纏綿也。」宛轉動聽。紅樓夢．第九回：「性情體貼，話語纏綿。」
蟬聯,chán lián,ㄔㄢˊ ㄌㄧㄢˊ,連續相承。史記．卷三十六．陳杞世家．司馬貞．索隱述贊：「句踐勃興，田和吞噬。蟬聯血食，豈其苗裔？」連任職位，或繼續保有某種地位。梁書．卷三十三．王筠傳：「吾少好百家之言，身為四代之史，自開闢已來，未有爵位蟬聯，文才相繼，如王氏之盛者也。」近連任
蟾蜍,chán chú,ㄔㄢˊ ㄔㄨˊ,動物名。兩棲綱無尾目蟾蜍科。體型肥大，性遲緩，不能鳴，常棲於陰溼之地。皮膚有疣，可分泌毒液。或稱為「癩蛤蟆」、「戚施」、「詹諸」。語出淮南子．精神：「日中有踆烏，而月中有蟾蜍。」後用為月亮的代稱。唐．劉商．胡笳十八拍．第十一拍：「幾回鴻雁來又去，腸斷蟾蜍虧復圓。」元．白樸．牆頭馬上．第二折：「月也你本細如弓一半兒蟾蜍，卻休明如鏡照三千世界。」
倀倀,chāng chāng,ㄔㄤ ㄔㄤ,無所適從的樣子。禮記．仲尼燕居：「治國而無禮，譬猶瞽之無相與，倀倀乎其何之？」荀子．修身：「人無法則倀倀然。」楊倞．注：「倀倀，無所適貌，言不知所措履。」
猖狂,chāng kuáng,ㄔㄤ ㄎㄨㄤˊ,狂妄胡為。莊子．山木：「不知義之所適，不知禮之所將，猖狂妄行，乃蹈乎大方。」文選．揚雄．趙充國頌：「先零猖狂，侵漢西疆。」近放肆、瘋狂、狂妄、猖獗形容氣勢猛烈。唐．元稹．有酒十章之八：「陰火然兮眾族沸渭，颶風作兮晝夜猖狂。」水滸傳．第六十六回：「班毛老子，猖狂燎盡白髭鬚。」
猖獗,chāng jué,ㄔㄤ ㄐㄩㄝˊ,狂妄放肆。文選．丘遲．與陳伯之書：「尋君去就之際，非有他故，直以不能內審諸己，外受流言，沉迷猖獗，以至於此。」三國演義．第四十回：「劉備如此猖獗，真腹心之患也，不可不急除。」近跋扈、狓猖、瘋狂、囂張、猖狂反斂跡、收斂傾敗、滅亡。三國志．卷三十五．蜀書．諸葛亮傳：「孤不度德量力，欲信大義於天下，而智術淺短，遂用猖（獗）​〔蹶〕，至于今日。」
閶闔,chāng hé,ㄔㄤ ㄏㄜˊ,天門。楚辭．屈原．離騷：「吾令帝閽開關兮，倚閶闔而望予。」唐．李白．梁甫吟：「閶闔九門不可通，以額叩關閽者怒。」皇宮正門。文選．左思．詠史詩八首之五：「被褐出閶闔，高步追許由。」唐．王維．和賈舍人早朝大明宮之作詩：「九天閶闔開宮殿，萬國衣冠拜冕旒。」秋風。文選．郭璞．遊仙詩七首之二：「閶闔西南來，潛波渙鱗起。」亦作「昌盍」。
嫦娥,cháng é,ㄔㄤˊ ㄜˊ,后羿的妻子姮娥。見「姮娥」條。比喻月亮。元．白樸．牆頭馬上．第二折：「深拜你個嫦娥不妒色，你敢且半霎兒霧鎖雲埋。」亦作「姮娥」。
徜徉,cháng yáng,ㄔㄤˊ ㄧㄤˊ,安閒自在的徘徊。唐．韓愈．送李愿歸盤谷序：「膏吾車兮秣吾馬，從子於盤兮，終吾生以徜徉。」儒林外史．第五十五回：「向梅根冶後，幾番嘯傲；杏花村裡，幾度徜徉。」近徘徊亦作「倘佯」。
萇楚,cháng chǔ,ㄔㄤˊ ㄔㄨˇ,楊桃的別名。見「楊桃」條。
惝怳,chǎng huǎng,ㄔㄤˇ ㄏㄨㄤˇ,失意不悅的樣子。楚辭．屈原．遠遊：「步徙倚而遙思兮，怊惝怳而乖懷。」宋．司馬光．劉道原十國紀年序：「以道原之耿介，其不容於人、齟齬以沒固宜，天何為復病而夭之邪？此益使人痛惋惝怳而不能忘者也。」亦作「惝然」。迷糊不清的樣子。楚辭．屈原．遠遊：「視儵忽而無見兮，聽惝怳而無聞。」
敞怳,NA,NA,"NA"
悵望,chàng wàng,ㄔㄤˋ ㄨㄤˋ,情緒落寞而有所想望。唐．杜甫．詠懷古跡詩五首之二：「悵望千秋一灑淚，蕭條異代不同時。」唐．崔塗．鸚鵡洲即事詩：「悵望春襟鬱未開，重吟鸚鵡益堪哀。」
怊悵,chāo chàng,ㄔㄠ ㄔㄤˋ,惆悵失意的樣子。唐．柳宗元．夢歸賦：「靈幽漠以瀄汨兮，進怊悵而不得。」聊齋志異．卷二．聶小倩：「一日，俛頸窗前，怊悵若失。」怨恨的樣子。楚辭．王逸．七諫．哀命：「卒撫情以寂寞兮，然怊悵而自悲。」相望。文選．謝莊．宋孝武宣貴妃誄：「躊躇冬愛，怊悵秋暉。」
車渠,NA,NA,"NA"
呫囓,NA,NA,"NA"
呫呫,chè chè,ㄔㄜˋ ㄔㄜˋ,低聲細語。宋．黃庭堅．次韻正仲三丈自衡山返命舍驛過外舅師厚贈答詩：「昏昏市井氣，呫呫兒女語。」多話的樣子。唐．柳宗元．讀韓愈所著毛穎傳後題：「貪常嗜瑣者，猶呫呫然動其喙，亦勞甚矣乎。」
嗔嗔,NA,NA,"NA"
綝纚,lín shǐ,ㄌㄧㄣˊ ㄕˇ,衣裳毛羽下垂的樣子。楚辭．王襃．九懷．通路：「翠縹兮為裳，舒佩兮綝纚。」盛飾的樣子。文選．張衡．思玄賦：「冠嵒嵒其映蓋兮，珮綝纚以煇煌。」
綝纚,lín shǐ,ㄌㄧㄣˊ ㄕˇ,衣裳毛羽下垂的樣子。楚辭．王襃．九懷．通路：「翠縹兮為裳，舒佩兮綝纚。」盛飾的樣子。文選．張衡．思玄賦：「冠嵒嵒其映蓋兮，珮綝纚以煇煌。」
綝縿,NA,NA,"NA"
沉沉,chén chén,ㄔㄣˊ ㄔㄣˊ,盛大的樣子。淮南子．俶真：「不以曲故，是非相尤。茫茫沉沉，是謂大治。」宮室深邃的樣子。唐．魏徵．暮秋言懷詩：「沉沉蓬萊閣，日夕鄉思多。」宋．洪邁．夷堅丁志．卷二．張敦夢醫：「大屋沉沉如王居，立俟門左，吏導之使入。」形容水深的樣子。唐．劉禹錫．懷妓詩四首之四：「三山不見海沉沉，豈有仙蹤更可尋。」形容聲音悠遠而深沉。唐．李商隱．河內詩二首之一：「鼉鼓沉沉虯水咽，秦絲不上蠻絃絕。」形容夜深的樣子。宋．蘇軾．春夜詩：「歌管樓臺聲細細，鞦韆院落夜沉沉。」形容心事沉重。唐．王建．將歸故山留別杜侍御詩：「沉沉百憂中，一日如一生。」形容音信杳然。唐．杜牧．月詩：「三十六宮秋夜深，昭陽歌斷信沉沉。」形容深隱沉靜的樣子。唐．張若虛．春江花月夜詩：「斜月沉沉藏海霧，碣石瀟湘無限路。」
沉沉,chén chén,ㄔㄣˊ ㄔㄣˊ,盛大的樣子。淮南子．俶真：「不以曲故，是非相尤。茫茫沉沉，是謂大治。」宮室深邃的樣子。唐．魏徵．暮秋言懷詩：「沉沉蓬萊閣，日夕鄉思多。」宋．洪邁．夷堅丁志．卷二．張敦夢醫：「大屋沉沉如王居，立俟門左，吏導之使入。」形容水深的樣子。唐．劉禹錫．懷妓詩四首之四：「三山不見海沉沉，豈有仙蹤更可尋。」形容聲音悠遠而深沉。唐．李商隱．河內詩二首之一：「鼉鼓沉沉虯水咽，秦絲不上蠻絃絕。」形容夜深的樣子。宋．蘇軾．春夜詩：「歌管樓臺聲細細，鞦韆院落夜沉沉。」形容心事沉重。唐．王建．將歸故山留別杜侍御詩：「沉沉百憂中，一日如一生。」形容音信杳然。唐．杜牧．月詩：「三十六宮秋夜深，昭陽歌斷信沉沉。」形容深隱沉靜的樣子。唐．張若虛．春江花月夜詩：「斜月沉沉藏海霧，碣石瀟湘無限路。」
茵蔯,NA,NA,"NA"
趻踔,NA,NA,"NA"
噌吰,chēng hóng,ㄔㄥ ㄏㄨㄥˊ,聲音壯闊的樣子。文選．司馬相如．長門賦：「擠王戶以撼金鋪兮，聲噌吰而似鍾音。」
琤琤,chēng chēng,ㄔㄥ ㄔㄥ,狀聲詞：(1)​ 形容彈撥弦樂所發的聲音。唐．孟郊．聽琴詩：「前溪忽調琴，隔林寒琤琤。」(2)​ 形容流水聲。梁書．卷三十四．張緬傳：「風瑟瑟以鳴松，水琤琤而響谷。」(3)​ 形容玉器相碰撞的聲音。唐．白居易．和令狐僕射小飲聽阮咸詩：「落盤珠歷歷，搖佩玉琤琤。」
棖棖,NA,NA,"NA"
蚩蚩,chī chī,ㄔ ㄔ,敦厚老實的樣子。詩經．衛風．氓：「氓之蚩蚩，抱布貿絲。」亦作「嗤嗤」。喧擾紛亂的樣子。漢．揚雄．法言．重黎：「六國蚩蚩，為嬴弱姬。」文選．劉孝標．廣絕交論：「天下蚩蚩，鳥驚雷駭。」亦作「嗤嗤」。
踟躕,chí chú,ㄔˊ ㄔㄨˊ,徘徊不前的樣子。樂府詩集．卷二十八．相和歌辭三．古辭．陌上桑：「使君從南來，五馬立踟躕。」文選．曹植．贈白馬王彪詩：「欲還絕無蹊，攬轡止踟躕。」近躑躅、躊躇相連接的樣子。文選．王延壽．魯靈光殿賦：「西廂踟躕以閒宴，東序重深而奧祕。」一種古代接漏刻水的盛器。初學記．卷二十五．器物部．漏刻：「殷夔漏刻法曰：『為器三重，圓皆徑尺，差立於水輿踟躕之上，為金龍口吐水，轉注入踟躕經緯之中。』」
哆然,NA,NA,"NA"
蚇蠖,NA,NA,"NA"
彳亍,chì chù,ㄔˋ ㄔㄨˋ,彳，左步。亍，右步。彳亍指緩步慢行。文選．潘岳．射雉賦：「彳亍中輟，馥焉中鏑。」唐．柳宗元．答周君巢餌藥久壽書：「彳亍而無所趨，拳拘而不能肆。」
瘈瘲,qì zòng,ㄑㄧˋ ㄗㄨㄥˋ,中醫上稱一種小兒驚風的症狀。發作時，手足時伸時縮，不停搐動。
充斥,chōng chì,ㄔㄨㄥ ㄔˋ,充滿、遍布。左傳．襄公三十一年：「敝邑以政刑之不脩，寇盜充斥。」五代史平話．晉史．卷下：「晉與契丹絕好，北邊寇盜充斥。」近充滿、充溢
忡忡,chōng chōng,ㄔㄨㄥ ㄔㄨㄥ,心憂的樣子。詩經．召南．草蟲：「未見君子，憂心忡忡。」元．張可久．小桃紅．倚闌花影背東風曲：「恨忡忡，一春愁壓眉山重。」飾物下垂的樣子。詩經．小雅．蓼蕭：「既見君子，鞗革忡忡。和鸞雝雝，萬福攸同。」
憧憬,chōng jǐng,ㄔㄨㄥ ㄐㄧㄥˇ,嚮往。如：「憧憬未來美好的前程。」近嚮往、神往
舂容,chōng róng,ㄔㄨㄥ ㄖㄨㄥˊ,重撞擊聲。禮記．學記「待其從容而後盡其聲」句下鄭玄．注：「舂容謂重撞擊也」。從容悠揚。唐．韓愈．送權秀才序：「寂寥乎短章，舂容乎大篇。」
衝蓯,NA,NA,"NA"
惆悵,chóu chàng,ㄔㄡˊ ㄔㄤˋ,悲愁、失意。文選．陶淵明．歸去來辭：「既自以心為形役，奚惆悵而獨悲？」宋．歐陽修．蝶戀花．誰道閑情拋棄久詞：「每到春來，惆悵還依舊。」近憂傷
愁疾,NA,NA,"NA"
稠嶅,NA,NA,"NA"
綢繆,chóu móu,ㄔㄡˊ ㄇㄡˊ,親密、纏綿。文選．李陵．與蘇武詩三首之二：「獨有盈觴酒，與子結綢繆。」清．龔自珍．浪淘沙．好夢最難留詞：「中有話綢繆，燈火簾鉤，是仙是幻是溫柔。」近繾綣、纏綿纏縛。引申為修補，使之堅固。詩經．豳風．鴟鴞：「徹彼桑土，綢繆牖戶。」花朵稠密的樣子。文選．左思．吳都賦：「榮色雜糅，綢繆縟繡。」
躊躇,chóu chú,ㄔㄡˊ ㄔㄨˊ,猶豫不決。唐．白居易．長恨歌：「天旋地轉迴龍馭，到此躊躇不能去。」文明小史．第十一回：「躊躇了半天，終究委決不下。」近躑躅、踟躕反果斷、果決、堅決自得的樣子。儒林外史．第五十二回：「毛二鬍子接到家信，看完了，咂嘴弄脣，只管獨自坐著躊躇。」
儲與,NA,NA,"NA"
躕躇,chú chú,ㄔㄨˊ ㄔㄨˊ,徘徊。後漢書．卷四十九．仲長統傳：「躕躇畦苑，遊戲平林。」
鉏鋙,NA,NA,"NA"
鵷雛,yuān chú,ㄩㄢ ㄔㄨˊ,鸞鳳之屬。文選．司馬相如．上林賦：「捷鵷雛，揜焦明。」
俶儻,NA,NA,"NA"
喘喘,NA,NA,"NA"
摐摐,chuāng chuāng,ㄔㄨㄤ ㄔㄨㄤ,撞擊。唐．韓愈．病中贈張十八詩：「扶几導之言，曲節初摐摐。」
愴怳,NA,NA,"NA"
炊累,chuì lèi,ㄔㄨㄟˋ ㄌㄟˋ,形容游塵浮動的狀態。莊子．在宥：「神動而天隨，從容無為而萬物炊累焉。」
蠢蠢,chǔn chǔn,ㄔㄨㄣˇ ㄔㄨㄣˇ,蟲類蠕動的樣子。南朝宋．劉敬叔．異苑．卷一：「遣校尉陳勳漕句容中道破瑤，掘一黑物，……長數十丈，蠢蠢而動。」騷亂的樣子。左傳．昭公二十四年：「今王室實蠢蠢焉。」無禮儀的樣子。楚辭．劉向．九歎．惜賢：「盪渨涹之姦咎兮，夷蠢蠢之溷濁。」
逴逴,chuò chuò,ㄔㄨㄛˋ ㄔㄨㄛˋ,高遠的樣子。楚辭．宋玉．九辯：「春秋逴逴而日高兮，然惆悵而自悲。」
逴躒,chuò luò,ㄔㄨㄛˋ ㄌㄨㄛˋ,高超、傑出。文選．班固．西都賦：「逴躒諸夏，兼其所有。」或作「卓犖」、「逴犖」。
娖娖,chuò chuò,ㄔㄨㄛˋ ㄔㄨㄛˋ,誠實的樣子。史記．卷九十六．張丞相傳：「娖娖廉謹，為丞相備員而已。」遼史．卷一○二．蕭奉先等傳．論曰：「嗚呼！天祚之所倚毗者若此，國欲不亡，得乎？張琳娖娖守位，余睹反覆自困，則又何足議哉！」
綽約,chuò yuē,ㄔㄨㄛˋ ㄩㄝ,柔媚婉約。莊子．逍遙遊：「肌膚若冰雪，綽約若處子。」聊齋志異．卷二．聶小倩：「母見其綽約可愛，始敢與言。」亦作「婥約」。
刺刺,cì cì,ㄘˋ ㄘˋ,多言的樣子。唐．韓愈．送殷員外序：「丁寧顧婢子，語刺刺不能休。」
蔥蘢,NA,NA,"NA"
叢殘,NA,NA,"NA"
從容,cōng róng,ㄘㄨㄥ ㄖㄨㄥˊ,舒緩悠閒的樣子。詩經．小雅．都人士．序：「古者長民，衣服不貳，從容有常，以齊其民，則民德歸壹。」五代史平話．周史．卷下：「與晟飲酒，從容訪問，晟終不言。」近鎮靜、沉著反逼迫、趕緊、慌忙、慌張、急迫、急忙、急促、緊張、局促、跼促、操切、倉皇、匆促充裕、不緊迫。初刻拍案驚奇．卷三：「東山到底不明白，卻是驟得了千來兩銀子，手頭從容。」如：「時間很從容。」慫恿。史記．卷一一八．衡山王傳：「微知淮南、衡山有逆計，日夜從容勸之。」
潀潀,NA,NA,"NA"
踧踖,cù jí,ㄘㄨˋ ㄐㄧˊ,恭敬而不安的樣子。論語．鄉黨：「君在，踧踖如也。」唐．李朝威．柳毅傳：「毅踧踖而受爵，飲訖，復以二觴奉二君。」
踧踧,cù cù,ㄘㄨˋ ㄘㄨˋ,行走平易。詩經．小雅．小弁：「踧踧周道，鞫為茂草。」
蹙然,cù rán,ㄘㄨˋ ㄖㄢˊ,憂愁的樣子。明．劉元卿．賢奕編．多憂：「楊文廣圍困柳州城中，內乏糧餉，外阻援兵，蹙然踊歎不已。」
蹴然,cù rán,ㄘㄨˋ ㄖㄢˊ,恭敬的樣子。禮記．哀公問：「孔子蹴然辟席而對曰：『仁人不過乎物，……。』」
巑岏,NA,NA,"NA"
攢雜,NA,NA,"NA"
漼溰,NA,NA,"NA"
璀璨,cuǐ càn,ㄘㄨㄟˇ ㄘㄢˋ,光明燦爛。晉．孫綽．遊天台山賦：「建木滅景于千尋，琪樹璀璨而垂珠。」聊齋志異．卷十一．香玉：「牡丹高丈餘，花時璀璨如錦。」近鮮豔、絢麗、燦爛反慘澹
璀錯,cuǐ cuò,ㄘㄨㄟˇ ㄘㄨㄛˋ,壯麗而文飾繁雜的樣子。漢．王延壽．魯靈光殿賦：「下岪蔚以璀錯，上崎嶬而重注。」
綷縩,cuì cài,ㄘㄨㄟˋ ㄘㄞˋ,狀聲詞。形容衣服摩擦的聲音。漢．班倢伃．自悼賦：「感帷裳兮發紅羅，紛綷縩兮紈素聲。」
綷粲,NA,NA,"NA"
翡翠,fěi cuì,ㄈㄟˇ ㄘㄨㄟˋ,動物名。一種鳥。鳥綱佛法僧目。與魚狗同類，稍大，全體羽毛帶赤褐色，惟臀部中央與上尾間有白紋一條，又雜以青色斑紋，羽毛可作裝飾品。硬玉中含鉻而呈翠綠色者。主要成分為鈉鋁矽酸鹽，屬單斜晶系，光澤如脂，半透明，可作珍貴飾品。亦稱為「翠玉」。
翠微,cuì wéi,ㄘㄨㄟˋ ㄨㄟˊ,山旁彎曲不平的地方。唐．白居易．香山避暑二絕詩二首之二：「紗巾草履竹疏衣，晚下香山蹋翠微。」淡青色的山嵐。唐．杜甫．秋興詩八首之二：「千家山郭靜朝暉，百日江樓坐翠微。」
蹉跎,cuō tuó,ㄘㄨㄛ ㄊㄨㄛˊ,失足跌倒。比喻失意。楚辭．王襃．九懷．株昭：「驥垂兩耳兮，中坂蹉跎。」虛度光陰。文選．阮籍．詠懷詩十七首之八：「娛樂未終極，白日忽蹉跎。」唐．李頎．送魏萬之京詩：「莫是長安行樂處，空冷歲月易蹉跎。」
蹉跌,cuō dié,ㄘㄨㄛ ㄉㄧㄝˊ,失墜、失誤。三國演義．第九十七回：「關羽毀敗，秭歸磋跌，曹丕稱帝。」
嵯峨,cuó é,ㄘㄨㄛˊ ㄜˊ,山勢高峻的樣子。史記．卷一一七．司馬相如傳：「於是乎崇山巃嵷，崔巍嵯峨。」初刻拍案驚奇．卷七：「蛇龍偃蹇，觀闕嵯峨，縹緲笙歌沸。」
錯莫,cuò mò,ㄘㄨㄛˋ ㄇㄛˋ,落寞。唐．韋應物．出還詩：「咨嗟日復老，錯莫身如寄。」唐．杜甫．瘦馬行：「見人慘澹若哀訴，失主錯莫無晶光。」
荅然,NA,NA,"NA"
荅焉,NA,NA,"NA"
韃靼,dá dá,ㄉㄚˊ ㄉㄚˊ,唐末蒙古種族之一。是契丹的西北族，沙陀的別種，散居在中國西北、蒙古、中亞、獨立國協東部等地。元亡後，其宗族走漠北，於清時歸附。
瑇瑁,NA,NA,"NA"
逮逮,dì dì,ㄉㄧˋ ㄉㄧˋ,富盛而熟習的樣子。禮記．孔子閒居：「威儀逮逮，不可選也。」亦作「棣棣」。
單于,chán yú,ㄔㄢˊ ㄩˊ,漢時匈奴君長的稱號。漢書．卷九十四．匈奴傳上：「匈奴單于曰頭曼，頭曼不勝秦，北徙。」唐．盧綸．和張僕射塞下曲六首之三：「月黑雁飛高，單于夜遁逃。」
眈眈,dān dān,ㄉㄢ ㄉㄢ,眼睛向下注視的樣子。易經．頤卦：「虎視眈眈，其欲逐逐。」文選．陸機．漢高祖功臣頌：「烈烈黥布，眈眈其眄。」形容深邃的樣子。文選．左思．魏都賦：「翼翼京室，眈眈帝宇。」
淡沱,NA,NA,"NA"
澹淡,dàn dàn,ㄉㄢˋ ㄉㄢˋ,動蕩。漢．枚乘．七發：「湍流溯波，又澹淡之。」
澹蕩,dàn dàng,ㄉㄢˋ ㄉㄤˋ,舒緩蕩漾。唐．陳鴻．長恨傳：「春風靈液，澹蕩其間，上心油然若有所遇。」
澹泊,dàn bó,ㄉㄢˋ ㄅㄛˊ,恬靜而不慕名利。漢書．卷一○○．敘傳上：「清虛澹泊，歸之自然，獨師友造化，而不為世俗所役者也。」晉．陶淵明．閒情賦序：「檢逸辭而宗澹泊，始則蕩以思慮，而終歸閒正。」近恬淡亦作「淡泊」。
澹灧,NA,NA,"NA"
澹澉,dàn gǎn,ㄉㄢˋ ㄍㄢˇ,洗滌。漢．枚乘．七發：「于是澡概胸中，灑練五藏，澹澉手足，頮濯髮齒。」
菡萏,hàn dàn,ㄏㄢˋ ㄉㄢˋ,荷花的別名。見「荷花」條。
鐺鐺,dāng dāng,ㄉㄤ ㄉㄤ,狀聲詞：(1)​ 形容更漏聲。南朝陳．徐陵．與齊尚書僕射楊遵彥書：「至于鐺鐺曉漏，的的宵烽，隔漵浦而相聞，臨高臺而可望。」(2)​ 形容金屬撞擊所發出的聲音。如：「鐘聲鐺鐺的響了。」亦作「璫璫」。樂器名。以一面直徑十五釐米的小鑼，用繩子綁在曲折形的木架上，左手執木架的下端，右手以木槌敲擊。用於河北地區的吹歌會和佛教音樂中。
宕冥,NA,NA,"NA"
碭突,NA,NA,"NA"
蕩蕩,dàng dàng,ㄉㄤˋ ㄉㄤˋ,廣大。論語．泰伯：「蕩蕩乎民無能名焉，巍巍乎其有成功也。」平坦、平易。漢書．卷六十五．東方朔傳：「不偏不黨，王道蕩蕩。」法度廢壞的樣子。詩經．大雅．蕩：「蕩蕩上帝，下民之辟。」浮誇不實的樣子。漢書．卷二十五．郊祀志下：「聽其言，洋洋滿耳，若將可遇，求之，盪盪如係風捕景，終不可得。」法度廢壞的樣子。如：「版版盪盪」。
忉忉,dāo dāo,ㄉㄠ ㄉㄠ,憂心的樣子。詩經．齊風．甫田：「無思遠人，勞心忉忉。」
忉怛,dāo dá,ㄉㄠ ㄉㄚˊ,悲傷。文選．李陵．答蘇武書：「異方之樂，秖令人悲，增忉怛耳。」文選．王粲．登樓賦：「心悽愴以感發兮，意忉怛而憯惻。」
燾奡,NA,NA,"NA"
登利,NA,NA,"NA"
滴瀝,dī lì,ㄉㄧ ㄌㄧˋ,狀聲詞。形容水滴落下的聲音。文選．王延壽．魯靈光殿賦：「動滴瀝以成響，殷雷應其若驚。」
袛裯,NA,NA,"NA"
滌滌,NA,NA,"NA"
棣棣,dì dì,ㄉㄧˋ ㄉㄧˋ,富盛而熟習的樣子。詩經．邶風．柏舟：「威儀棣棣，不可選也。」唐．李華．弔古戰場文：「飲至策勛，和樂且閑，穆穆棣棣，君臣之間。」亦作「逮逮」。
玓瓑,NA,NA,"NA"
的皪,dì lì,ㄉㄧˋ ㄌㄧˋ,鮮明顯著的樣子。文選．左思．魏都賦：「丹藕凌波而的皪，綠芰泛濤而浸潭。」文選．張衡．思玄賦：「離朱脣而微笑兮，顏的皪以遺光。」
的的,dí dí,  ㄉㄧˊ ㄉㄧˊ,明亮、豔麗。元．張雨．喜春來．江梅的的依茅舍曲：「江梅的的依茅舍，石瀨濺濺漱玉沙，瓦甌篷底送年華，問暮鴉，何處阿戎家？」昭著明顯的樣子。唐．吳融．西陵夜居詩：「漏永沉沉靜，燈孤的的清。」特特、專為。董西廂．卷五：「東傾西側的做些腌軀老，聞生沒死的的陪笑。」
螮蝀,NA,NA,"NA"
踶跂,zhì qí,ㄓˋ ㄑㄧˊ,誇耀自恃的樣子。莊子．馬蹄：「蹩躠為仁，踶跂為義，而天下始疑矣。」成玄英．疏：「踶跂，矜恃之容。」
顛顛,diān diān,ㄉㄧㄢ ㄉㄧㄢ,專一的樣子。莊子．馬蹄：「故至德之世，其行填填，其視顛顛。」憂思的樣子。禮記．玉藻：「喪容纍纍，色容顛顛。」瘋狂。北史．卷七．齊文宣紀：「問婦人曰：『天子何如？』答曰：『顛顛痴痴，何成天子。』帝乃殺之。」
甸甸,tián tián,ㄊㄧㄢˊ ㄊㄧㄢˊ,狀聲詞。車行聲。樂府詩集．卷七十三．雜曲歌辭十三．古辭．焦仲卿妻：「府吏馬在前，新婦車在後，隱隱何甸甸，俱會大道口。」
刁刁,diāo diāo,ㄉㄧㄠ ㄉㄧㄠ,動搖的樣子。多用以形容草木。莊子．齊物論：「厲風濟，則眾竅為虛。而獨不見之調調之刁刁乎？」郭象．注：「調調、刁刁，動搖貌也。」
跌宕,dié dàng,ㄉㄧㄝˊ ㄉㄤˋ,行為放縱不拘。文選．江淹．恨賦：「脫略公卿，跌宕文史。」三國志．卷三十八．蜀書．簡雍傳：「優游風議，性簡傲跌宕，在先主坐席，猶箕踞傾倚，威儀不肅。」近跌蕩、放誕亦作「跌蕩」。形容文章音節抑揚頓挫。如：「文章貴於跌宕生姿，波瀾變化。」或作「跌蕩」、「跌踼」。
嵽嵲,dié niè,ㄉㄧㄝˊ ㄋㄧㄝˋ,高山或指山的高處。唐．杜甫．自京赴奉先縣詠懷五百字詩：「凌晨過驪山，御榻在嵽嵲。」
喋喋,dié dié,ㄉㄧㄝˊ ㄉㄧㄝˊ,多話的樣子。史記．卷一一○．匈奴傳：「嗟土室之人，顧無多辭，令喋喋而佔佔，冠固何當？」聊齋志異．卷三．連瑣：「所言伊何？乃已喋喋向人！」亦作「諜諜」。
蹀躞,dié xiè,ㄉㄧㄝˊ ㄒㄧㄝˋ,小步行走的樣子。唐．溫庭筠．錦鞵賦：「凌波微步瞥陳王，既蹀躞而容與。花塵香跡逢石氏，倐窈窕而呈姿。」近踥蹀亦作「疊燮」。往來頻繁的樣子。樂府詩集．卷四十七．清商曲辭四．吳聲歌曲四．嬌女詩二首之二：「蹀躞越橋上，河水東西流。」繁多的樣子。明．朱權．卓文君．第二折：「我則見繡屏開花枝蹀躞，綺窗閑花影重疊。」輕薄無行的言語。聊齋志異．卷四．胡世相公：「若個蹀躞語，不宜貴人出得！何便言狐子？恐吾家花姐不懽。」衣帶上的飾物。宋．陸游．軍中雜歌詩八首之四：「名王金冠玉蹀躞，面縛纛下聲呱呱。」遼史．卷一○五．二國外記傳．西夏傳：「金塗銀帶，佩蹀躞、解錐、短刀、弓矢。」
蹀蹀,dié dié,ㄉㄧㄝˊ ㄉㄧㄝˊ,小步走路的樣子。漢．馬第伯．封禪儀記：「五六步一休，蹀蹀據頓地，不避溼闇。」宋．范成大．三月十五日華容湖尾看月出詩：「徘徊忽騰上，蹀蹀恐顛墜。」散亂的樣子。南朝宋．鮑照．過銅山掘黃精詩：「蹀蹀寒葉離，潀潀秋水積。」
丁丁,zhēng zhēng,ㄓㄥ ㄓㄥ,狀聲詞：(1)​ 形容伐木的聲音。詩經．小雅．伐木：「伐木丁丁，鳥鳴嚶嚶。」(2)​ 形容下雨的聲音。唐．元稹．景申秋詩八首之三：「嗢嗢簷霤凝，丁丁窗雨繁。」(3)​ 形容樂器彈奏的聲音。唐．許渾．聽琵琶詩：「欲寫明妃萬里情，紫槽紅撥夜丁丁。」(4)​ 形容下棋的聲音。宋．王禹偁．黃州新建小竹樓記：「宜圍棋，子聲丁丁然。」
濎濘,NA,NA,"NA"
濎濙,NA,NA,"NA"
飣餖,dìng dòu,ㄉㄧㄥˋ ㄉㄡˋ,供陳列、堆砌而不吃的食品。唐．韓愈．喜侯喜至贈張籍張徹詩：「呼奴具盤餐，飣餖魚菜贍。」亦作「餖飣」、「鬥飣」。
董蓈,NA,NA,"NA"
湩,NA,NA,"NA"
兜鍪,dōu móu,ㄉㄡ ㄇㄡˊ,一種古時戰士戴的頭盔。形如鍪，用以防禦兵刃。三國演義．第七回：「紹以兜鍪撲地，大呼曰：『大丈夫願臨陣鬥死。』」士兵。宋．辛棄疾．南鄉子．何處望神州詞：「年少萬兜鍪，坐斷東南戰未休。」
抖擻,dǒu sǒu,ㄉㄡˇ ㄙㄡˇ,奮發、振作。三國演義．第五十九回：「目射神光，威風扑擻。」平妖傳．第九回：「腳穿一雙把滑的多耳麻鞋，手提一根檀木棍兒，抖擻精神，飛也似的一般奔去。」近振奮、振作反頹唐亦作「抖搜」、「陡搜」。振動、拂開。唐．孟郊．夏日謁智遠禪師詩：「抖擻塵埃定，謁師見真宗。」儒林外史．第三十八回：「那東西抖擻身上的毛，發起威來。」滌除煩惱。宋．王炎．夜半聞雨再用前韻：「抖擻胸中三斗塵，強欲吟哦無好語。」亦作「斗藪」。
豆蔻,dòu kòu,ㄉㄡˋ ㄎㄡˋ,植物名。種子香氣頗烈，可入中藥。有草豆蔻、白豆蔻、肉豆三種。也專指稱白豆蔻的乾燥成熟種子，可用為芳香劑、芳香興奮劑、驅風劑、調味品等。或作「荳蔻」。豆蔻在初夏開花，花未開時就顯得非常豐滿，俗稱為「含胎花」，所以成了少女的象徵。典出唐．杜牧．贈別詩二首之一：「娉娉裊裊十三餘，豆蔻梢頭二月初。」又後專以形容十三、四歲的年輕美少女。亦作「荳蔻」。植物名。種子可入中藥。見「豆蔻」條。比喻十三、四歲的年輕美少女。亦作「豆蔻」。
髑髏,dú lóu,ㄉㄨˊ ㄌㄡˊ,死人的頭骨。晉．干寶．搜神記．卷十九：「寄入視穴，得其九女髑髏。」亦稱為「骷髏」。
杜鵑,dù juān,ㄉㄨˋ ㄐㄩㄢ,動物名。鳥綱鵑形目。口大尾羽長，嘴黑色，上嘴末端稍曲，身體灰褐色，尾巴有白色橫斑，胸腹部有黑色橫條紋，與鷹相似，初夏時常晝夜不停啼叫，鳴聲淒厲，能動旅客歸思。相傳為古蜀王杜宇之魂所化。或稱為「杜宇」、「鶗鴃」、「啼鴃」、「鵜鴃」、「子規」。植物名。常綠灌木。春夏開紅、紫或白色的花，葉子呈橢圓形，供人觀賞。亦稱為「映山紅」。
憞溷,NA,NA,"NA"
惇惇,dūn dūn,ㄉㄨㄣ ㄉㄨㄣ,仁厚的樣子。後漢書．卷四十一．第五倫傳．論：「第五倫峭覈為方，非夫愷悌之士，省其奏議，惇惇歸諸寬厚，將懲苛切之敝使其然乎？」
黮䨴,NA,NA,"NA"
燉燉,NA,NA,"NA"
沌沌,NA,NA,"NA"
咄咄,duò duò,ㄉㄨㄛˋ ㄉㄨㄛˋ,感嘆聲、驚怪聲。後漢書．卷八十三．逸民傳．嚴光傳：「咄咄子陵，不可相助為理邪？」唐．袁郊．紅線：「嵩聞之，日夜憂悶，咄咄自語，計無所出。」
婀娜,ē nuó,ㄜ ㄋㄨㄛˊ,輕盈柔美的樣子。樂府詩集．卷七十三．雜曲歌辭十三．古辭．焦仲卿妻：「四角龍子幡，婀娜隨風轉。」文選．曹植．洛神賦：「華容婀娜，令我忘餐。」或作「阿那」、「妸娜」。
娥皇,é huáng,ㄜˊ ㄏㄨㄤˊ,相傳為堯之女，與女英同嫁於舜。及舜為天子，娥皇為后，女英為妃。後舜崩於蒼梧之野，二女沒於江湘之間。
恆娥,NA,NA,"NA"
峨然,é rán,ㄜˊ ㄖㄢˊ,高聳的樣子。唐．皮日休．鄙孝議下篇：「所在之州鄙，礱石峨然。」卓然不凡的樣子。抱朴子．外篇．刺驕：「其或峨然守正，確爾不移。」南朝宋．劉義慶．世說新語．賞譽上．劉孝標．注引晉諸公贊曰：「嶠常慕其舅夏侯玄為人，故於朝士中峨然不群，時類憚其風節。」
㔩葉,NA,NA,"NA"
砐砐,NA,NA,"NA"
諤諤,è è,ㄜˋ ㄜˋ,直言無諱的樣子。史記．卷六十八．商君傳：「千人之諾諾，不如一士之諤諤。」亦作「咢咢」。
唲嘔,NA,NA,"NA"
幡幡,fān fān,ㄈㄢ ㄈㄢ,往來的樣子。詩經．小雅．巷伯：「捷捷幡幡，謀欲譖言，豈不爾受，既其女遷。」亦作「翩翩」。失去威儀的樣子。詩經．小雅．賓之初筵：「其未醉止，威儀反反，曰既醉止，威儀幡幡。」樹葉翻動的樣子。詩經．小雅．瓠葉：「幡幡瓠葉，采之亨之，君子有酒，酌言嘗之。」
幡然,fān rán,ㄈㄢ ㄖㄢˊ,忽然改變的樣子。孟子．萬章上：「湯三使往聘之，既而幡然改曰：『與我處畎畝之中，由是以樂堯舜之道，吾豈若使是君為堯舜之君哉。』」亦作「翻然」。
番番,fān fān,ㄈㄢ ㄈㄢ,次次。元．關漢卿．陳母教子．第三折：「母親要打我，番番不曾靜扮。」元．無名氏．博望燒屯．第二折：「上的馬去，番番不濟，到的陣前，則是盹睡。」
颿颿,fán fán,ㄈㄢˊ ㄈㄢˊ,走得很快的樣子。如：「她往這個方向颿颿而來。」
袢廷,NA,NA,"NA"
氾瀾,NA,NA,"NA"
汎𣶏,NA,NA,"NA"
芳菲,fāng fēi,ㄈㄤ ㄈㄟ,花草的芳香。漢．無名氏．古詩三首之一：「芳菲不相投，青黃忽改色。」唐．駱賓王．帝京篇詩：「倡婦銀鉤采桑路，倡家桃李自芳菲。」花草。唐．陸龜蒙．闔閭城北有賣花翁討春之士往往造焉因招襲美詩：「十畝芳菲為舊業，一家煙雨是元功。」
彷彿,fǎng fú,ㄈㄤˇ ㄈㄨˊ,似乎、好像、近似。南朝梁．劉勰．文心雕龍．哀弔：「卒章五言，頗似歌謠，亦仿彿乎漢武也。」儒林外史．第八回：「王惠見那少年彷彿有些認得，卻想不起。」近髣髴、類似、好像、似乎亦作「仿佛」、「髣髴」。
放浪,fàng làng,ㄈㄤˋ ㄌㄤˋ,行為不加檢束。二刻拍案驚奇．卷三十九：「明日一夥道士，輕衫短帽，裝束做少年子弟，登舟放浪。」近放蕩、放恣、浪漫、汗漫反檢束亦作「放蕩」。
裶裶,fēi fēi,ㄈㄟ ㄈㄟ,衣服長而拖曳的樣子。文選．司馬相如．子虛賦：「衯衯裶裶，揚袘戎削。」旗子飄揚的樣子。文選．張衡．南都賦：「望翠華兮葳蕤，建太常兮裶裶。」
霏霏,fēi fēi,ㄈㄟ ㄈㄟ,雨雪煙雲盛密的樣子。宋．范仲淹．岳陽樓記：「若夫霪雨霏霏，連月不開。」三國演義．第三十七回：「忽然朔風凜凜，瑞雪霏霏。」騰起飛揚的樣子。楚辭．屈原．九章．惜誦：「霰雪紛其無垠兮，雲霏霏而承宇。」草木茂盛的樣子。唐．杜甫．宣政殿退朝晚出左掖詩：「宮草霏霏承委佩，鑪煙細細駐遊絲。」淚流滿面的樣子。南朝梁．范雲．贈張徐州謖詩：「懷情徒草草，淚下空霏霏。」
騑騑,fēi fēi,ㄈㄟ ㄈㄟ,馬不停蹄，向前急行的樣子。詩經．小雅．四牡：「四牡騑騑，周道倭遲。」漢．蔡琰．胡笳十八拍：「漢使迎我兮四牡騑騑，號失聲兮誰得知？」
菲薇,NA,NA,"NA"
菲菲,fēi fēi,  ㄈㄟ ㄈㄟ,氣味芳香。楚辭．屈原．九歌．東皇太一：「芳菲菲兮滿堂，五音紛兮繁會。」亦作「馡馡」。形容花朵美麗。晉．左思．吳都賦：「曄兮菲菲，光色炫晃。」雜亂的樣子。漢．揚雄．太玄經．卷四．昆：「次二，白黑菲菲，三禽一角，同尾。」高下不定的樣子。後漢書．卷八十三．逸民傳．梁鴻傳：「心惙怛兮傷悴，志菲菲兮升降。」香氣盛的樣子。楚辭．屈原．離騷：「佩繽紛其繁飾兮，芳菲菲其彌章。」
吠,NA,NA,"NA"
沸渭,NA,NA,"NA"
沸濆,NA,NA,"NA"
狒狒,fèi fèi,ㄈㄟˋ ㄈㄟˋ,動物名。哺乳綱靈長目猴屬。體長三尺許，口吻突出，頭側及頸有長毛密生，凶暴多力。或稱為「費費」、「土塿」、「狗頭狒」。
氛氳,NA,NA,"NA"
紛綸,fēn lún,ㄈㄣ ㄌㄨㄣˊ,浩博。後漢書．卷八十三．逸民傳．井丹傳：「通五經，善談論，故京師為之語曰：『五經紛綸井大春。』」紛亂。唐．杜甫．麗人行：「犀箸厭飫久未下，鑾刀縷切空紛綸。」唐．李朝威．柳毅傳：「且以率肆胸臆，酧酢紛綸。」眾多的樣子。南朝齊．孔稚圭．北山移文：「常綢繆於結課，每紛綸於折獄。」繁美的樣子。三國．魏．嵇康．琴賦：「紛綸翕響，冠眾藝兮。」
紛紛,fēn fēn,ㄈㄣ ㄈㄣ,多而雜亂的樣子。孟子．滕文公上：「何為紛紛然，與百工交易。」唐．杜牧．清明詩：「清明時節雨紛紛，路上行人欲斷魂。」接連不斷的樣子。如：「國內經濟正逢不景氣，各公司行號紛紛裁員，縮減編制。」
紛紜,fēn yún,ㄈㄣ ㄩㄣˊ,盛多而雜亂。文選．王襃．四子講德論：「紛紜天地，寂寥宇宙。」文選．袁宏．三國名臣序贊：「六合紛紜，民心將變。」
紛葩,fēn pā,ㄈㄣ ㄆㄚ,盛多。漢．馬融．長笛賦：「紛葩爛漫，誠可喜也。」議論紛紛的樣子。南朝宋．劉義慶．世說新語．輕詆「簡文與許玄度共語」句下劉孝標．注引邴原別傳：「諸人紛葩，或父、或君。」
翂翂,NA,NA,"NA"
雰雰,fēn fēn,ㄈㄣ ㄈㄣ,雨雪很盛的樣子。詩經．小雅．信南山：「上天同雲，雨雪雰雰。」漢．張衡．四愁詩四首之四：「我所思兮在鴈門，欲往從之雪雰雰。」霜凝結的樣子。楚辭．屈原．九章．悲回風：「漱凝霜之雰雰，依風穴以自息兮。」
濆薄,pēn bó,ㄆㄣ ㄅㄛˊ,迸射湧起。文選．左思．吳都賦：「濆薄沸騰，寂寥長邁。」晉．郭璞．山海經．序：「精氣混淆，自相濆薄。」
蚡緼,NA,NA,"NA"
豐茸,fēng rǒng,ㄈㄥ ㄖㄨㄥˇ,繁飾的樣子。漢．司馬相如．長門賦：「羅丰茸之游樹兮，離樓梧而相撐。」
逢逢,péng péng,ㄆㄥˊ ㄆㄥˊ,狀聲詞。形容鼓聲。詩經．大雅．靈臺：「鼉鼓逢逢，矇瞍奏公。」
鳳凰,fèng huáng,ㄈㄥˋ ㄏㄨㄤˊ,傳說中的百鳥之王，雄的稱為「鳳」，雌的稱為「凰」，為象徵祥瑞的鳥。亦稱為「丹鳥」、「火鳥」、「鶤雞」。縣名。位於湖南省境之西，麻陽縣西北，西南有鳳凰山，舊為廳。
岪鬱,NA,NA,"NA"
怫鬱,fú yù,ㄈㄨˊ ㄩˋ,憂恚的樣子。楚辭．東方朔．七諫．沉江：「不顧地以貪名兮，心怫鬱而內傷。」文選．曹操．苦寒行：「我心何怫鬱，思欲一東歸。」激怒的樣子。後漢書．卷二十四．馬援傳：「今壺頭竟不得進，大眾怫鬱行死，誠可痛惜。」近憤懣
怫然,fèi rán,  ㄈㄟˋ ㄖㄢˊ,忿怒、生氣的樣子。莊子．天地：「謂己道人，則勃然作色；謂己諛人，則怫然作色。」忿怒、生氣的樣子。初刻拍案驚奇．卷十七：「卻見說了這話，心裡怫然，便道：『我無尊人拘管，只礙得這個小業畜！不問怎的結果了他？等我自由自在。』」
怫愄,NA,NA,"NA"
扶搖,NA,NA,"NA"
扶疏,fú shū,ㄈㄨˊ ㄕㄨ,枝葉繁茂四布的樣子。漢書．卷三十六．楚元王劉交傳：「其梓柱生枝葉，扶疏上出屋。」漢．枚乘．七發：「中鬱結之輪菌，根扶疏以分離。」
拂拂,fú fú,ㄈㄨˊ ㄈㄨˊ,風輕吹的樣子。唐．吳融．秋色詩：「染不成乾畫未銷，霏霏拂拂又迢迢。」
罘罳,fú sī,ㄈㄨˊ ㄙ,宮闕中花格似網或有孔的屏風。以鏤木做成。漢書．卷四．文帝紀：「六月癸酉，未央宮東闕罘罳災。」亦作「罦罳」。獵網。漢．武帝．柏梁詩：「走狗逐兔張罘罳，齧妃女脣甘如飴。」亦作「罦罳」。
芙蕖,fú qú,ㄈㄨˊ ㄑㄩˊ,荷花的別名。見「荷花」條。
芙蓉,fú róng,ㄈㄨˊ ㄖㄨㄥˊ,植物名。錦葵科木槿屬，落葉大灌木或亞喬木。高約五公尺，葉掌狀淺裂，表面有薄毛。晚秋的清晨開白、紅、黃各色花，黃昏時變為深紅色，大而美豔，可供觀賞，與葉均可入藥。或稱為「木芙蓉」。荷花的別名。見「荷花」條。
芣苢,fóu yǐ,ㄈㄡˊ ㄧˇ,車前的別名。見「車前」條。詩經周南的篇名。共三章。根據詩序：「芣苢，后妃之美也。」或亦指為詠婦人採芣苢之詩。首章二句為：「采采芣苢，薄言采之。」芣苢，車前的別名。
蜉蝣,fú yóu,ㄈㄨˊ ㄧㄡˊ,動物名。蟲類。長六、七分，頭似蜻蛉而略小，有四翅，體細而狹。夏秋之交，多近水而飛，往往數小時即死。或作「浮游」、「浮蝣」。詩經曹風的篇名。共三章。根據詩序：「蜉蝣，刺奢也。」首章二句為「蜉蝣之羽，衣裳楚楚。」
嘸然,NA,NA,"NA"
蝜蝂,fù bǎn,ㄈㄨˋ ㄅㄢˇ,動物名。一種蟲。傳說中好負重物。唐．柳宗元．蝜蝂傳：「蝜蝂者，善負小蟲也，行遇物，輒持取，卬其首負之。」
馥,NA,NA,"NA"
橄欖,gǎn lǎn,ㄍㄢˇ ㄌㄢˇ,植物名。橄欖科橄欖屬，常綠喬木。灰褐色樹皮，片狀剝落，皮目顯明，嫩枝具有鏽褐色短毛。羽狀複葉互生，總狀花序著生於葉腋上部，雌雄雜株，橢圓形核果，初為黃綠色，後轉為黑黃色。果實可生食或鹽漬或蜜餞後食之。亦稱為「南威」、「諫果」、「青果」、「忠果」。
港洞,NA,NA,"NA"
桔槔,jié gāo,ㄐㄧㄝˊ ㄍㄠ,汲水的工具。以繩懸橫木上，一端繫水桶，一端繫重物，使其交替上下，以節省汲引之力。紅樓夢．第十七、十八回：「籬外山坡之下有一土井，旁有桔槔轆轤之屬。」
暠暠,NA,NA,"NA"
愅詭,NA,NA,"NA"
蛤蚧,gé jiè,ㄍㄜˊ ㄐㄧㄝˋ,動物名。爬蟲綱有鱗目。長四、五寸，首如蝦蟆，背綠色，與蜥蜴同類異種。以此浸酒稱為「蛤蚧酒」，可作藥用。
閤閤,NA,NA,"NA"
䶀,NA,NA,"NA"
梗概,gěng gài,ㄍㄥˇ ㄍㄞˋ,大略情形。後漢書．卷八十．文苑傳上．杜篤傳：「臣所欲言，陛下已知。故略其梗概，不敢具陳。」老殘遊記二編．第一回：「我曾經與黃龍盤桓多日，故能得其梗概。」近大概、大要
耿耿,gěng gěng,ㄍㄥˇ ㄍㄥˇ,光明安靜的樣子。唐．白居易．長恨歌:「遲遲鐘鼓初長夜，耿耿星河欲曙天。」心中掛懷、煩躁不安的樣子。三國．魏．曹操．讓縣自明本志令：「言有不遜之志，忘相忖度，每用耿耿。」輾轉反側，不得入眠的樣子。詩經．邶風．柏舟：「耿耿不寐，如有隱憂。」形容誠信守節。楚辭．劉向．九歎．惜賢：「進雄鳩之耿耿兮，讒介介而蔽之。」
䱭䲛,NA,NA,"NA"
溝瞀,NA,NA,"NA"
鉤輖,NA,NA,"NA"
雊,NA,NA,"NA"
汩汩,gǔ gǔ,ㄍㄨˇ ㄍㄨˇ,狀聲詞。形容波浪聲。漢．枚乘．七發：「怳兮忽兮，聊兮慄兮，混汩汩兮。」比喻文思勃發。唐．韓愈．答李翊書：「當其取於心，而注於手也，汩汩然來矣。」水急流的樣子。比喻事情演進不已。唐．韓愈．流水詩：「汩汩幾時休，從春復到秋。」
淈淈,NA,NA,"NA"
谷蠡,gǔ lí,ㄍㄨˇ ㄌㄧˊ,匈奴藩王的封號。史記．卷一一○．匈奴傳：「置左右賢王，左右谷蠡王。」
鈷鉧,gǔ mǔ,ㄍㄨˇ ㄇㄨˇ,熨斗。宋．范成大．驂鸞錄：「路傍有鈷鉧潭。鈷鉧，熨斗也。潭狀似之。」
關關,guān guān,ㄍㄨㄢ ㄍㄨㄢ,狀聲詞。形容鳥鳴的聲音。詩經．周南．關雎：「關關雎鳩，在河之洲。」
灌灌,guàn guàn,ㄍㄨㄢˋ ㄍㄨㄢˋ,水流盛大的樣子。宋書．卷三十一．五行志二：「虎從北來鼻頭汗，龍從南來登城看水從西來何灌灌。」誠懇的樣子。詩經．大雅．板：「天之方虐，無然謔謔，老夫灌灌，小子蹻蹻。」憂懼而無處傾訴的樣子。
桄榔,guāng láng,ㄍㄨㄤ ㄌㄤˊ,植物名。棕櫚科山棕櫚屬，常綠灌木。葉為羽狀複葉，邊緣呈不規則鉅齒狀，色深綠，花小，香氣濃郁。莖髓可製澱粉，葉柄纖維則可製繩。產於熱帶地方。
洸洸,guāng guāng,  ㄍㄨㄤ ㄍㄨㄤ,威武、果毅的樣子。詩經．大雅．江漢：「江漢湯湯，武夫洸洸。」唐．白居易．漢高皇帝斬白蛇賦：「天威煌煌，神武洸洸。」形容水盛大的樣子。荀子．宥坐：「其洸洸乎不淈盡，似道。」
洸洋,guāng yáng,ㄍㄨㄤ ㄧㄤˊ,水深廣的樣子。荒誕。史記．卷六十三．老子韓非傳：「其言洸洋自恣以適己，故自王公大人不能器之。」
俇俇,wǎng wǎng,ㄨㄤˇ ㄨㄤˇ,驚惶急遽的樣子。楚辭．劉向．九歎．思古：「魂俇俇而南行兮，泣霑襟而濡袂。」
俇攘,wǎng rǎng,ㄨㄤˇ ㄖㄤˇ,紛擾不安。楚辭．宋玉．九辯：「悼余生之不時兮，逢此世之俇攘。」
傀儡,kuǐ lěi,ㄎㄨㄟˇ ㄌㄟˇ,木偶戲中受人在幕後操縱的木偶。比喻徒有虛名，沒有主見，甘心任人操縱的人或組織。朱子全書．卷一．學一．總論為學之方：「今於古人所以下學之序，則以為近於傀儡而鄙厭之。」
窐寥,NA,NA,"NA"
龜茲,NA,NA,"NA"
姽嫿,guǐ huà,ㄍㄨㄟˇ ㄏㄨㄚˋ,閑靜美好的樣子。文選．宋玉．神女賦：「既姽嫿於幽靜兮，又婆娑乎人閒。」
詭譎,guǐ jué,ㄍㄨㄟˇ ㄐㄩㄝˊ,變化無窮的樣子。如：「國際間風雲詭譎，戰爭似有一觸即發之勢。」奇特、怪誕。三國演義．第三十三回：「曹操為人詭譎，薄待吾等，吾今還扶舊主，可疾開關相納。」
詭隨,guǐ suí,ㄍㄨㄟˇ ㄙㄨㄟˊ,詭譎善變。詩經．大雅．民勞：「無縱詭隨，以謹無良。」宋史．卷三五五．李南公傳：「南公為吏六十年，幹局明銳，然反覆詭隨，無特操，識者非之。」
滾滾,NA,NA,"NA"
聒聒,guā guā,ㄍㄨㄚ ㄍㄨㄚ,形容喧噪的聲音。宋．歐陽修．鳴鳩詩：「日長思睡不可得，遭爾聒聒何時停？」無知的樣子。書經．盤庚上：「今汝聒聒，起信儉膚，予弗知乃所訟。」
郭郎,NA,NA,"NA"
猓然,NA,NA,"NA"
蜾蠃,guǒ luǒ,ㄍㄨㄛˇ ㄌㄨㄛˇ,動物名。一種昆蟲。體形似蜂，色青黑，腰細。用泥土在樹枝上築巢。常捕食害蟲，有益於農作物的生長。
咍台,hāi tái,ㄏㄞ ㄊㄞˊ,狀聲詞。形容打鼾的聲音。南朝宋．劉義慶．世說新語．雅量：「顧至曉回轉，不得快孰。許上床便咍臺大睡。丞相顧諸客曰：『此中亦難得眠處。』」
谽谺,NA,NA,"NA"
虷蠻,NA,NA,"NA"
汗漫,hàn màn,ㄏㄢˋ ㄇㄢˋ,漫無標準，浮泛不著邊際。新唐書．卷四十四．選舉志上：「因以謂按其聲病，可以為有司之責，捨是則汗漫而無所守。遂不復能易。」金史．卷一○七．高汝礪傳：「內外百官所司不同，比應詔言事者不啻千數，俱不達各司利害，汗漫陳說，莫能詳盡。」水大渺茫無際的樣子。元．夏文彥．圖繪寶鑑．卷三．宋：「董羽字仲翔，毗陵人。善畫魚龍海水。其洶湧瀾翻，咫尺汗漫。」
可汗,kè hán,ㄎㄜˋ ㄏㄢˊ,古代西域和北方各國對君王的稱呼。樂府詩集．卷二十五．橫吹曲辭五．古辭．木蘭詩二首之一：「昨夜見軍帖，可汗大點兵。」亦作「克汗」。
顄淡,NA,NA,"NA"
杭壯,NA,NA,"NA"
沆瀣,hàng xiè,ㄏㄤˋ ㄒㄧㄝˋ,露氣。楚辭．屈原．遠遊：「餐六氣而飲沆瀣兮，漱正陽而含朝霞。」比喻氣味相投。清．王鵬運．沁園春．詞汝來前詞：「唸百年歌哭，誰知我者？千秋沆瀣，若有人兮。」見「沆瀣一氣」條。
沆漭,hàng mǎng,ㄏㄤˋ ㄇㄤˇ,水面寬廣浩大的樣子。後漢書．卷六十上．馬融傳：「瀇瀁沆漭，錯紾槃委。」
浩汗,hào hàn,ㄏㄠˋ ㄏㄢˋ,水勢盛大的樣子。三國．魏．曹丕．濟川賦：「漫浩汗而難測，眇不睹其垠際。」晉書．卷五十六．孫楚傳：「遂因山陵積石之固，三江五湖浩汗無涯，假氣遊魂，迄茲四紀。」形容盛大繁多。南朝宋．劉義慶．世說新語．賞譽：「王司州與殷中軍語，歎云：『己之府奧，蚤已傾寫而見，殷陳勢浩汗，眾源未可得測。』」宋．蘇軾．上韓魏公論場務書：「然而其事宏闊浩汗，非可以倉卒輕言者。」
浩浩,hào hào,ㄏㄠˋ ㄏㄠˋ,水流盛大的樣子。楚辭．屈原．九章．懷沙：「浩浩沅湘分流汩兮，脩路幽蔽道遠忽兮。」南朝宋．鮑照．夢歸鄉詩：「白水漫浩浩，高山壯巍巍。」廣大的樣子。禮記．中庸：「夫焉有所倚，肫肫其仁，淵淵其淵，浩浩其天。」文選．古詩十九首．涉江采芙蓉：「還顧望舊鄉，長路漫浩浩。」風勢強勁的樣子。漢．蔡琰．胡笳十八拍：「鞞鼓喧兮從夜達，胡風浩浩兮暗塞營。」聲音洪大或喧雜。宋．蘇軾．鳳翔八觀詩．真興寺閣：「市人與鴉鵲，浩浩同一聲。」
滈滈,hào hào,ㄏㄠˋ ㄏㄠˋ,波光閃爍燦爛的樣子。文選．司馬相如．上林賦：「翯乎滈滈，東注太湖，衍溢陂池。李善．注引郭璞曰：「水白光貌也。」
灝溔,NA,NA,"NA"
皞皞,NA,NA,"NA"
嗑然,NA,NA,"NA"
嗑嗑,hé hé,ㄏㄜˊ ㄏㄜˊ,多話的樣子。孔叢子．前集．儒服：「子路嗑嗑，尚飲十榼。」
回紇,NA,NA,"NA"
嗃嗃,hè hè,ㄏㄜˋ ㄏㄜˋ,嚴肅冷酷的樣子。易經．家人卦．象曰：「家人嗃嗃，未失也；婦人嘻嘻，失家節也。」
嗃,NA,NA,"NA"
硡隱,NA,NA,"NA"
訇,NA,NA,"NA"
轟轟,hōng hōng,ㄏㄨㄥ ㄏㄨㄥ,狀聲詞：(1)​ 形容喧擾聲。唐．韓愈．此日足可惜贈張籍詩：「飲食豈知味，絲竹徒轟轟。」(2)​ 形容群車並行的聲音。如：「戰車轟轟的經過。」(3)​ 形容水聲。唐．韓愈．貞女峽詩：「懸流轟轟射水府，一瀉百里翻雲濤。」(4)​ 形容震耳的巨響，如雷聲、炮聲等。如：「炮聲轟轟的響起來了。」盛大的樣子。如：「轟轟烈烈的事業」。
汯汯,NA,NA,"NA"
泓汯,hóng hóng,ㄏㄨㄥˊ ㄏㄨㄥˊ,水勢迴旋的樣子。文選．郭璞．江賦：「泓汯泂澋，涒鄰㘤潾。」
泓宏,hóng hóng,ㄏㄨㄥˊ ㄏㄨㄥˊ,聲音宏大的樣子。文選．潘岳．笙賦：「郁捋劫悟，泓宏融裔。」
耾耾,hóng hóng,ㄏㄨㄥˊ ㄏㄨㄥˊ,大聲。戰國．楚．宋玉．風賦：「耾耾雷聲，迴穴錯迕，蹶石伐木，梢殺林莽。」漢．揚雄．法言．問道：「非雷非霆，隱隱耾耾。」
谹谹,NA,NA,"NA"
鴻蒙,hóng méng,ㄏㄨㄥˊ ㄇㄥˊ,自然的元氣。莊子．在宥：「雲將東遊，過扶搖之枝，而適遭鴻蒙。」唐．柳宗元．愚溪詩序：「以愚辭歌愚溪，則茫然而不違，昏然而同歸，超鴻蒙，混希夷，寂寥而莫我知也。」或作「鴻濛」。
鴻洞,hóng tóng,ㄏㄨㄥˊ ㄊㄨㄥˊ,大同、混同為一。淮南子．原道：「無所私而無所公，靡濫振蕩，與天地鴻洞。」相連無涯的樣子。文選．王襃．洞簫賦：「風鴻洞而不絕兮，優嬈嬈以婆娑。」
澒洞,hòng tóng,ㄏㄨㄥˋ ㄊㄨㄥˊ,迷濛無間，瀰漫無際的樣子。唐．杜甫．自京赴奉先縣詠懷五百字詩：「憂端齊終南，澒洞不可掇。」宋．蘇軾．廬山二勝詩二首之二：「空濛烟靄間，澒洞金石奏。」
澒濛,hòng méng,ㄏㄨㄥˋ ㄇㄥˊ,宇宙形成前的混沌之氣。淮南子．精神：「古未有天地之時，惟像無形。窈窈冥冥，芒芠漠閔，澒濛鴻洞，莫知其門。」楚辭．劉向．九歎．思古：「貫澒濛以東朅兮，維六龍於扶桑。」
喉嚨,hóu long,ㄏㄡˊ ˙ㄌㄨㄥ,咽喉的俗稱。見「咽喉」條。
惚恍,hū huǎng,ㄏㄨ ㄏㄨㄤˇ,混沌不清。文選．潘岳．西征賦：「古往今來，邈矣悠哉，寥廓惚恍，化一氣而甄三才。」神志迷糊。唐．張說．東山記：「雲木虛吟，惚恍疑夢。」
淴泱,NA,NA,"NA"
瑚璉,hú lián,ㄏㄨˊ ㄌㄧㄢˊ,宗廟裡用來盛黍稷的禮器。論語．公冶長：「子貢問曰：『賜也何如？』子曰：『女器也。』曰：『何器也？』曰：『瑚璉也。』」
葫蘆,hú lu,ㄏㄨˊ ˙ㄌㄨ,壺蘆的別名。見「壺蘆」條。葫蘆的果實。古人常挖出其瓤，空其中作為貯酒的器具。唐．馮贄．雲仙雜記．卷四．弄蘆成詩：「王筠好弄葫蘆，每吟詩，則注於葫，傾已復注，若擲之於地，則詩成矣。」亦作「胡盧」。
鶻鵃,gǔ zhōu,ㄍㄨˇ ㄓㄡ,動物名。鳥綱鳩鴿目。似山鵲而小，羽色青黑，尾短，喜鳴叫。亦稱為「斑鳩」。
琥珀,hǔ pò,ㄏㄨˇ ㄆㄛˋ,古代松柏等樹脂的化石。為淡黃色、褐色或赤褐色的半透明固體，光澤美麗，質脆，燃燒時有香氣。可製琥珀酸和各種漆，也可做飾物。或作「丹珀」、「丹魄」、「虎魄」。書名。由英國女作家溫索爾所作的歷史小說，以十七世紀的英國為背景，描寫復辟前後英國人的各種生活層面。書中女主角名琥珀，意謂如寶石琥珀般閃爍著懾人的光澤，故書名琥珀。
虎落,NA,NA,"NA"
昈昈,NA,NA,"NA"
瓠落,hù luò,ㄏㄨˋ ㄌㄨㄛˋ,廓落無用，大而無當。莊子．逍遙遊：「剖之以為瓢，則瓠落無所容。」亦作「濩落」。
滑稽,gǔ jī,ㄍㄨˇ ㄐㄧ,詼諧有趣的言語、動作。南朝梁．劉勰．文心雕龍．諧讔：「是以子長編史，列傳滑稽，以其辭雖傾回，意歸義正也。」今或讀為ㄏㄨㄚˊ ㄐㄧ huá ji。近詼諧、幽默反莊重、嚴肅
驊騮,huá liú,ㄏㄨㄚˊ ㄌㄧㄡˊ,周穆王八匹駿馬之一。後用以泛指紅色的駿馬。莊子．秋水：「騏驥驊騮，一日而馳千里。」三國演義．第十三回：「飛驟驊騮，直取崔勇。」比喻才華出眾的人。唐．杜甫．奉贈鮮于京兆二十韻：「驊騮開道路，鵰鶚離風塵。」
劃然,huá rán,ㄏㄨㄚˊ ㄖㄢˊ,形容皮、肉撕裂開來。聊齋志異．卷一．畫皮：「嫗仆，人皮劃然而脫，化為厲鬼。」
繣,NA,NA,"NA"
桓桓,huán huán,ㄏㄨㄢˊ ㄏㄨㄢˊ,威武勇猛的樣子。詩經．魯頌．泮水：「桓桓于征，狄彼東南。」文選．王粲．從軍詩五首之二：「我君順時發，桓桓東南征。」
萑蔰,NA,NA,"NA"
萑蘭,NA,NA,"NA"
奐衍,NA,NA,"NA"
奐奐,NA,NA,"NA"
漫漶,màn huàn,ㄇㄢˋ ㄏㄨㄢˋ,木石上所刻的文字，長時間受風雨侵蝕，變得模糊不可辨認。引申作東西敝壞不能分辨。宋．蘇軾．鳳翔八觀詩．東湖：「圖書已漫漶，猶復訪僑郯。」
荒唐,huāng táng,ㄏㄨㄤ ㄊㄤˊ,誇大不實。唐．韓愈．桃源圖詩：「神仙有無何渺茫，桃源之說誠荒唐。」近荒誕言行乖謬、不合禮法。宋．蘇軾．初到黃州詩：「自嘆平生為口忙，老來事業轉荒唐。」近荒誕、乖張慌張。元．朱凱．黃鶴樓．第一折：「那周瑜不弱如興劉滅楚的這漢張良，索仔細，莫荒唐。」
喤喤,huáng huáng,ㄏㄨㄤˊ ㄏㄨㄤˊ,狀聲詞：(1)​ 形容小孩的啼哭聲。詩經．小雅．斯干：「乃生男子，載寢之床，載衣之裳，載弄之璋，其泣喤喤。」(2)​ 形容聲音洪亮而和諧。詩經．周頌．執競 :「鐘鼓喤喤，磬筦將將。」
徨徨,huáng huáng,ㄏㄨㄤˊ ㄏㄨㄤˊ,彷徨無主的樣子。文選．揚雄．甘泉賦：「徒徊徊以徨徨兮，魂眇眇而昏亂。」
惶惶,huáng huáng,ㄏㄨㄤˊ ㄏㄨㄤˊ,心中惶恐不安的樣子。唐．柳宗元．與楊誨之疏解車義第二書：「到永州七年矣，蚤夜惶惶，追思咎過，往來甚熟。」亦作「皇皇」、「遑遑」。匆促急迫的樣子。宋．歐陽修．記舊本韓文後：「孔孟惶惶於一時，而師法於千萬世。」
潢然,NA,NA,"NA"
潢潢,huáng huáng,ㄏㄨㄤˊ ㄏㄨㄤˊ,勇武的樣子。漢．桓寬．鹽鐵論．繇役：「武夫潢潢，經營四方。」水深廣的樣子。楚辭．劉向．九歎．逢紛：「揚流波之潢潢兮，體溶溶而東回。」
潢潢,huáng huáng,ㄏㄨㄤˊ ㄏㄨㄤˊ,勇武的樣子。漢．桓寬．鹽鐵論．繇役：「武夫潢潢，經營四方。」水深廣的樣子。楚辭．劉向．九歎．逢紛：「揚流波之潢潢兮，體溶溶而東回。」
煌煌,huáng huáng,ㄏㄨㄤˊ ㄏㄨㄤˊ,光明的樣子。詩經．陳風．東門之楊：「東門之楊，其葉牂牂。昏以為期，明星煌煌。」
皇皇,huáng huáng,ㄏㄨㄤˊ ㄏㄨㄤˊ,美盛鮮明的樣子。詩經．小雅．皇皇者華：「皇皇者華，於彼原隰。」徬徨不安的樣子。孟子．滕文公下：「孔子三月無君，則皇皇如也。」三國演義．第三十回：「袁紹既去了許攸，又去了張郃、高覽，又失了烏巢糧，軍心皇皇。」亦作「惶惶」、「遑遑」。
鍠鍠,huáng huáng,ㄏㄨㄤˊ ㄏㄨㄤˊ,狀聲詞。形容鐘鼓聲。後漢書．卷六十上．馬融傳：「鍠鍠鎗鎗，奏於農郊大路之衢。」
晃朗,huǎng lǎng,ㄏㄨㄤˇ ㄌㄤˇ,光明的樣子。文選．潘岳．秋興賦：「天晃朗以彌高兮，日悠陽而浸微。」
晃晃,NA,NA,"NA"
熀爛,NA,NA,"NA"
爌熀,NA,NA,"NA"
滉漾,huǎng yàng,ㄏㄨㄤˇ ㄧㄤˋ,水浮動盪漾的樣子。三國．魏．曹植．節遊賦：「望洪池之滉漾，遂降集乎輕舟。」
揮霍,huī huò,ㄏㄨㄟ ㄏㄨㄛˋ,迅速的樣子。文選．陸機．文賦：「體有萬殊，物無一量，紛紜揮霍，形難為狀。」近浪費反節儉發揮。紅樓夢．第六十五回：「自己高談闊論任意揮霍灑落一陣，拿他兄弟二人嘲笑取樂。」浪費金錢。如：「他任意揮霍，不到一年，家財全被他花光了。」
恛恛,NA,NA,"NA"
虺虺,huǐ huǐ,ㄏㄨㄟˇ ㄏㄨㄟˇ,狀聲詞。形容打雷的聲音。詩經．邶風．終風：「曀曀其陰，虺虺其雷。」
虺隤,huī tuí,ㄏㄨㄟ ㄊㄨㄟˊ,有病、生病，多指馬而言。詩經．周南．卷耳：「陟彼崔嵬，我馬虺隤。」明．葉憲祖．易水寒．第一折：「羞殺我老馬虺隤，那盜狗共鳴雞，都碌碌因人跛躄。」沒有志氣的樣子。如：「他生性虺隤，做事總是抱著做一天和尚撞一天鐘的心態。」
嘒嘒,huì huì,ㄏㄨㄟˋ ㄏㄨㄟˋ,狀聲詞。形容蟬鳴聲。詩經．小雅．小弁：「菀彼柳斯，鳴蜩嘒嘒。」聲音和諧中節。詩經．小雅．采菽：「其旂淠淠，鸞聲嘒嘒。」
濊濊,huò huò,ㄏㄨㄛˋ ㄏㄨㄛˋ,魚網投入水中的聲音。詩經．魏風．碩人：「施罛濊濊，鱣鮪發發。」宋．蘇軾．戲作放魚詩：「濊濊發發須臾間，圉圉洋洋尋丈外。」
翽翽,huì huì,ㄏㄨㄟˋ ㄏㄨㄟˋ,狀聲詞。形容振翅高飛的聲音。詩經．大雅．卷阿：「鳳皇于飛，翽翽其羽。」煩擾的樣子。漢．袁康．越絕書．卷五．越絕請糴內傳六：「申胥為人臣也，辨其君，何必翽翽乎！」
薈蔚,huì wèi,ㄏㄨㄟˋ ㄨㄟˋ,草木繁密的樣子。宋．李格非．洛陽名園記．水北胡氏園：「其間林木薈蔚，煙雲掩映，高樓曲榭，時隱時見。」雲霧霑潤的樣子。文選．木華．海賦：「瀝滴滲淫，薈蔚雲霧。」繁盛、華麗的樣子。南朝宋．謝靈運．山居賦：「徒形域之薈蔚，惜事異於栖盤。」
蟪蛄,huì gū,ㄏㄨㄟˋ ㄍㄨ,動物名。蟬類。吻長，體短。色黃綠，有黑白條紋，翅膀有黑斑。雄體腹部有鳴器，聲音響亮。
渾沌,hùn dùn,ㄏㄨㄣˋ ㄉㄨㄣˋ,傳說中天地未形成時，元氣不分、模糊不清的狀態。漢．王充．論衡．談天：「說易者曰：『元氣未分，渾沌為一。』」亦作「混沌」。模糊不分明。抱朴子．外篇．廣譬：「渾沌之原，無皎澄之流；毫釐之根，無連抱之枝。」亦作「渾敦」。相傳為堯舜時四凶中的驩兜。見史記．卷一．五帝本紀。後用以比喻冥頑糊塗不開通。亦作「渾敦」。莊子寓言中的中央之帝，天然無耳目鼻口。見莊子．應帝王。後用以比喻自然淳樸。漢．揚雄．太玄經．卷六．馴：「渾沌無端，莫見其根。」神話傳說中的惡獸。漢．東方朔．神異經．西荒經：「崑崙西有獸焉，其狀如犬，長毛四足，似羆而無爪，有目而不見，行不開，有兩耳而不聞，有人知往，有腹無五臟，有腸直而不旋，食物徑過，人有德行而往牴觸之，有凶德則往依憑之。天使其然，名為渾沌。」
騞,NA,NA,"NA"
活活,huó huó,ㄏㄨㄛˊ ㄏㄨㄛˊ,在活生生的狀態下。儒林外史．第三十九回：「我們到那裡出兵，只消幾天沒有水吃，就活活的要渴死了，那裡還能打什麼仗！」
濩落,huò luò,ㄏㄨㄛˋ ㄌㄨㄛˋ,空廓無用，大而無當。唐．杜甫．自京赴奉先縣詠懷五百字詩：「居然成濩落，白首甘契闊。」亦作「瓠落」。
豁落,huō luò,ㄏㄨㄛ ㄌㄨㄛˋ,脫落、掉落。如：「他的牙齒豁落太多，因此無法咀嚼堅硬的食物。」
霍,NA,NA,"NA"
霍霍,huò huò,ㄏㄨㄛˋ ㄏㄨㄛˋ,狀聲詞。形容磨刀急速的聲音。南朝梁．無名氏．木蘭詩二首之一：「小弟聞姊來，磨刀霍霍向豬羊。」聊齋志異．卷一．賈兒：「塗已，無所作，遂把廚刀霍霍磨之。」閃亮。宋．劉子翬．諭俗詩十二首之八：「乞靈走群祀，晚電明霍霍。」
霍繹,NA,NA,"NA"
剞劂,jī jué,ㄐㄧ ㄐㄩㄝˊ,雕刻用的曲刀。楚辭．嚴忌．哀時命：「握剞劂而不用兮，操規矩而無所施。」文選．左思．魏都賦：「剞劂罔掇，匠斲積習。」雕版、刊印。唐．韓愈．送文暢師北遊詩：「先生閟窮巷，未得窺剞劂。」清．馬從善．兒女英雄序：「亟付剞劂，以存先生著作。」雕刻的技術。漢．傅毅．雅琴賦：「施公輸之剞劂，遂彫琢而成器。」
唧唧,jí jí,ㄐㄧˊ ㄐㄧˊ,狀聲詞：(1)​ 形容機杼聲或嘆息聲。南朝梁．無名氏．木蘭詩二首之一：「唧唧復唧唧，木蘭當戶織。不聞機杼聲，唯聞女歎息。」(2)​ 形容嘆息聲。唐．白居易．琵琶行：「我聞琵琶已嘆息，又聞此語重唧唧。」(3)​ 形容蟲鳴聲。唐．王維．青雀歌：「猶勝黃雀爭上下，唧唧空倉復若何。」唐．李郢．宿杭州虛白堂詩：「秋月斜明虛白堂，寒蛩唧唧樹蒼蒼。」(4)​ 形容鳥鳴聲。唐．劉禹錫．鶗鴂吟：「如何上春日，唧唧滿庭飛。」(5)​ 形容哭泣聲。宋．蘇軾．岐亭詩五首之一：「醒時夜向闌，唧唧銅缾泣。」
鶺鴒,jí líng,ㄐㄧˊ ㄌㄧㄥˊ,動物名。鳥綱雀形目鳴禽類。體長約五至六寸。頭黑，前額白，背黑，腹白，翼尾均長。因其鳴則天降雪，且性喜食雪，故亦稱為「雪姑」。築巢於水濱石隙間，以昆蟲為食。或稱為「歎脊令」、「連錢」。
佶屈,NA,NA,"NA"
汲汲,jí jí,ㄐㄧˊ ㄐㄧˊ,形容努力求取、不休息的樣子。漢書．卷八十七．揚雄傳上：「不汲汲於富貴，不戚戚於貧賤。」虛偽奸詐的樣子。莊子．盜跖：「子之道，狂狂汲汲，詐巧虛偽事也。」憂惶不安的樣子。三國志．卷十九．魏書．陳思王植傳：「植以前過，事事復減半，十一年中而三徙都，常汲汲無歡，遂發疾薨。」恭敬謹慎，不敢怠忽。公羊傳．哀公十三年．何休．解詁：「以晉大國，尚猶汲汲於吳，則知諸侯莫敢不至也。」
濈濈,NA,NA,"NA"
蒺藜,jí lí,ㄐㄧˊ ㄌㄧˊ,植物名。蒺藜科蒺藜屬，一年生草本。莖匍匐於地，葉為羽狀複葉，夏開小黃花，果實有刺。種子可入藥，具滋補作用。生長於海濱沙地。或稱為「升推」。
蝍蛆,jí jū,ㄐㄧˊ ㄐㄩ,蜈蚣的別名。見「蜈蚣」條。蟋蟀的別名。見「蟋蟀」條。
踖踖,jí jí,ㄐㄧˊ ㄐㄧˊ,態度恭敬的樣子。詩經．小雅．楚茨：「執爨踖踖，為俎孔碩，或燔或炙。」慚愧的樣子。漢．揚雄．太玄經．卷六．勤：「次八，勞踖踖，心爽蒙柴不卻。」
輯輯,jí jí,ㄐㄧˊ ㄐㄧˊ,柔和舒暢的樣子。文選．束皙．補亡詩六首之三：「黮黮重雲，輯輯和風。」
嚌嚌,jì jì,ㄐㄧˋ ㄐㄧˋ,狀聲詞：(1)​ 形容鳥獸的鳴叫聲。文選．班彪．北征賦：「雁邕邕以群翔兮，鵾雞鳴以嚌嚌。」(2)​ 形容管弦的淒切聲。漢．揚雄．太玄經．卷二．樂：「鐘鼓喈喈，管絃嚌嚌。」
暨暨,jì jì,ㄐㄧˋ ㄐㄧˋ,堅毅果斷的樣子。禮記．玉藻：「戎容暨暨，言容詻詻。」唐．韓愈．魏博節度觀察使沂國公先廟碑銘：「暨暨田侯，兩有文武。」
罽賓,jì bīn,ㄐㄧˋ ㄅㄧㄣ,國名。位居西域，所轄地域因時代而異，約在今阿富汗東北、喀什米爾一帶。以農業及製作金銀銅鐵器物為主。為佛教大乘派的發源地，漢代以後有許多僧人來中國傳教譯經。
薺苨,NA,NA,"NA"
蘮蒘,jì rú,ㄐㄧˋ ㄖㄨˊ,植物名。一種草。爾雅．釋草：「蘮蒘，竊衣。」郭璞．注：「似芹，可食。子大如麥，兩兩相合，有毛，著人衣。」
浹洽,jiá xiá,ㄐㄧㄚˊ ㄒㄧㄚˊ,周全、遍及。漢書．卷二十二．禮樂志：「於是教化浹洽，民用和睦，災害不生，禍亂不作，囹圄空虛，四十餘年。」唐．李德裕．唐故左神策軍護軍中尉兼左街功德使知內侍省事劉公神道碑銘：「恩禮浹洽，要荒宴如。」或作「挾洽」。和諧、融洽。唐．權德輿．宣州響山新亭新營記：「而威惠交修，上下浹洽，在此物也。」玉嬌梨．第一回：「三人因平日往來慣了，情意浹洽，全無一點客套。」貫通。朱子語類．卷十一．讀書法下：「看經傳有不可曉處，且要旁通。待其浹洽，則當觸類而可通矣。」
浹渫,jiá xiè,ㄐㄧㄚˊ ㄒㄧㄝˋ,水流動的樣子。文選．郭璞．江賦：「長波浹渫，峻湍崔嵬。」
戛戛,jiá jiá,ㄐㄧㄚˊ ㄐㄧㄚˊ,艱難費力的樣子。唐．韓愈．答李翊書：「當其取於心而注於手也，惟陳言之務去，戛戛乎其難哉！」獨特、別樹一格。清．紀昀．閱微草堂筆記．卷十八．姑妄聽之四：「冠瀛為文，喜戛戛生造，硬語盤空。」狀聲詞。形容物相擊的聲音。唐．李邕．鶻賦：「吻戛戛而雄厲，翅翩翩而勁逸。」
蛺蝶,jiá dié,ㄐㄧㄚˊ ㄉㄧㄝˊ,動物名。節肢動物門昆蟲綱鱗翅目蛺蝶科。成蟲軀幹黑、藍兩色相間，下面灰褐色，翅赤黃有黑紋。吃麻類植物葉子，對農作物有害。
檟楚,NA,NA,"NA"
戔戔,jiān jiān,ㄐㄧㄢ ㄐㄧㄢ,微細的樣子。聊齋志異．卷二．小官人：「戔戔微物，想太史亦當無所用，不如即賜小人。」近區區積聚的樣子。唐．白居易．秦中吟．買花：「灼灼百朵紅，戔戔五束素。」
礛諸,NA,NA,"NA"
肩肩,NA,NA,"NA"
間關,NA,NA,"NA"
諓諓,jiàn jiàn,ㄐㄧㄢˋ ㄐㄧㄢˋ,巧言善辯的樣子。國語．越語下：「余雖靦然而人面哉，吾猶禽獸也，又安知是諓諓者乎？」
洚洞,jiàng tóng,ㄐㄧㄤˋ ㄊㄨㄥˊ,大水無邊無際的樣子。孟子．滕文公下．趙岐．注：「水逆行，洚洞無涯，故曰洚水也。」
僬僥,jiāo yáo,ㄐㄧㄠ ㄧㄠˊ,神話傳說中的矮人國。列子．湯問：「從中州以東四十萬里得僬僥國，人長一尺五寸。」古代西南夷中的一族。後漢書．卷二．顯宗孝明帝紀：「西南夷哀牢、儋耳、僬僥、槃木、白狼、動黏諸種，前後慕義貢獻。」年幼卑微的人。宋．蘇軾．劉醜廝詩：「人事豈易料，勿輕此僬僥。」
僬僬,jiāo jiāo,ㄐㄧㄠ ㄐㄧㄠ,明察的樣子。荀子．不苟：「其誰能以己之僬僬，受人之掝掝者哉？」形容走得很急促。禮記．曲禮下：「士蹌蹌，庶人僬僬。」
嬌嬈,jiāo ráo,ㄐㄧㄠ ㄖㄠˊ,嫵媚、美麗。宋．歐陽修．思白兔雜言戲答公儀憶鶴之作：「低垂兩翅趁節拍，婆娑弄影誇嬌嬈。」幼學瓊林．卷二．女子類：「女貌嬌嬈，謂之尤物。」或作「嬌饒」。美女。清．孔尚任．桃花扇．第三十六齣：「那一隊嬌嬈，十車細軟，便是俺的薄薄宦囊。」或作「嬌饒」。
嶕嶢,NA,NA,"NA"
轇轕,jiū gé,ㄐㄧㄡ ㄍㄜˊ,雜亂的樣子。文選．張衡．東京賦：「雲罕九斿，闟戟轇轕。」唐．柳宗元．袁家渴記：「又有異卉，類合歡而蔓生，轇轕水石。」近膠葛、糾紛、糾葛牽扯不清的關係。如：「自此你我各奔前程，不再有任何轇轕。」廣闊深邃的樣子。文選．王延壽．魯靈光殿賦：「迢嶢倜儻，豐麗博敞，洞轇轕乎其無垠也。」
驕傲,jiāo ào,ㄐㄧㄠ ㄠˋ,傲慢自大而輕視他人。晉書．卷七十六．王廙傳：「驕傲自負，有罔上心。」三國演義．第二回：「官拜河東太守，自來驕傲。當日怠慢了玄德，張飛性發，便欲殺之。」近高慢、高傲、驕橫、驕氣、自大、自高、自豪、傲慢反謙虛、謙遜、虛心、自卑
鵁鶄,jiāo jīng,ㄐㄧㄠ ㄐㄧㄥ,動物名。脊椎動物亞門鳥綱鸛形目鷺科。產於印度、我國南部。頭、頸為赤褐色，身體上面為白色。胸背有疏鬆的毛。嘴長，腳高，能涉水覓食魚類。或稱為「鳽」、「赤頭鷺」。
鷦鷯,jiāo liáo,ㄐㄧㄠ ㄌㄧㄠˊ,動物名。燕雀目鷦鷯科。體型小，背及翼均為紅褐色，腹部淡褐，體側有黑色細小橫紋。鳴聲美，短尾常翹於背上，喜步行、跳躍，常居於陰暗潮溼處。分布於高山區。會用草葉和毛髮等構築整齊舒適的小窩。亦稱為「巧婦」。
鷦䳟,NA,NA,"NA"
矯矯,jiǎo jiǎo,ㄐㄧㄠˇ ㄐㄧㄠˇ,勇武的樣子。詩經．魯頌．泮水：「矯矯虎臣，在泮獻馘。」文選．潘岳．楊荊州誄：「矯矯楊侯，晉之爪牙。」高舉的樣子。唐．張九齡．感遇詩十二首之四：「矯矯珍木巔，得無金丸懼。」卓然出眾的樣子。漢書．卷一○○．敘傳下：「賈生矯矯，弱冠登朝。」
角角,jué jué,ㄐㄩㄝˊ ㄐㄩㄝˊ,雉鳴聲。唐．韓愈．此日足可惜贈張籍詩：「百里不逢人，角角雄雉鳴。」
叫條,NA,NA,"NA"
噍噍,NA,NA,"NA"
噭噭,jiào jiào,ㄐㄧㄠˋ ㄐㄧㄠˋ,狀聲詞：(1)​ 形容哭泣聲。莊子．至樂：「人且偃然寢於巨室，而我噭噭然，隨而哭之。」文選．潘岳．楊仲武誄：「慈母哀哀，慈母痛心疾首。噭噭同生，悽悽諸舅。」(2)​ 形容鳥獸鳴聲。文選．曹植．雜詩六首之三：「飛鳥遶樹翔，噭噭鳴索群。」唐．陳子昂．晚次樂鄉縣詩：「如何此時恨，噭噭夜猿鳴。」
噭咷,jiào táo,ㄐㄧㄠˋ ㄊㄠˊ,小兒哭泣不止。說文解字．咷字．段玉裁．注：「咷，楚謂兒泣不止曰噭咷。」聲音清脆悠揚。漢書．卷七十六．韓延壽傳：「歌者先居射室，望見延壽車，噭咷楚歌。」或作「噭誂」。
潐潐,NA,NA,"NA"
喈喈,jiē jiē,ㄐㄧㄝ ㄐㄧㄝ,狀聲詞：(1)​ 形容和諧的鐘鼓聲。詩經．小雅．鼓鐘：「鼓鐘喈喈，淮水湝湝，憂心且悲。」(2)​ 形容鳥鳴聲。詩經．周南．葛覃：「黃鳥于飛，集于灌木，其鳴喈喈。」(3)​ 形容鸞鈴聲。詩經．大雅．蒸民：「四牡騤騤，八鸞喈喈。」
嗟,NA,NA,"NA"
湝湝,jiē jiē,ㄐㄧㄝ ㄐㄧㄝ,水流動的樣子，亦指水流聲。詩經．小雅．鼓鐘：「鼓鐘喈喈，淮水湝湝，憂心且悲。」寒冷。如：「冷湝湝的天氣」。
湝湝,jiē jiē,ㄐㄧㄝ ㄐㄧㄝ,水流動的樣子，亦指水流聲。詩經．小雅．鼓鐘：「鼓鐘喈喈，淮水湝湝，憂心且悲。」寒冷。如：「冷湝湝的天氣」。
劫劫,jié jié,ㄐㄧㄝˊ ㄐㄧㄝˊ,追求不息的樣子。唐．韓愈．貞曜先生墓誌銘：「人皆劫劫，我獨有餘。」世世。唐．白居易．畫水月菩薩讚：「生生劫劫，長為我師。」
婕妤,jié yú,ㄐㄧㄝˊ ㄩˊ,職官名。為漢代女官，武帝時所置，位視上卿，爵比列侯。自魏晉至明代多沿設。亦作「倢伃」。
巀櫱,NA,NA,"NA"
拮据,jié jū,ㄐㄧㄝˊ ㄐㄩ,辛勞操持。詩經．豳風．鴟鴞：「予手拮据，予所捋荼。」境況窘迫，尤指經濟困難而言。紅樓夢．第一一四回：「手頭不濟，諸事拮据。」近窘迫反富裕、寬裕、裕如
捷獵,jié liè,ㄐㄧㄝˊ ㄌㄧㄝˋ,參差相接的樣子。文選．王延壽．魯靈光殿賦：「捷獵鱗集，支離分赴。」高顯的樣子。文選．左思．吳都賦：「抗神龍之華殿，施榮楯而捷獵。」
桔槔,jié gāo,ㄐㄧㄝˊ ㄍㄠ,汲水的工具。以繩懸橫木上，一端繫水桶，一端繫重物，使其交替上下，以節省汲引之力。紅樓夢．第十七、十八回：「籬外山坡之下有一土井，旁有桔槔轆轤之屬。」
桔梗,jié gěng,ㄐㄧㄝˊ ㄍㄥˇ,植物名。桔梗科桔梗屬。葉橢圓，花五瓣，色紫或白，觀賞用。根可入藥，有止咳袪痰的功用。
碣磍,NA,NA,"NA"
結遼,NA,NA,"NA"
結骨,NA,NA,"NA"
詰誳,NA,NA,"NA"
藉藉,jí jí,ㄐㄧˊ ㄐㄧˊ,眾多雜亂的樣子。南齊書．卷五十五．孝義傳．樂頤傳：「外傳藉藉，似有伊周之事，君蒙武帝殊常之恩，荷託付之重，恐不得同人此舉。」
津津,jīn jīn,ㄐㄧㄣ ㄐㄧㄣ,形容液體洋溢的樣子。莊子．庚桑楚：「汝自灑濯，熟哉鬱鬱乎，然而其中津津乎猶有惡也。」聊齋志異．卷一．賈兒：「兩狐斃於亭上，一狐死於草中。喙津津尚有血出。」形容興味濃厚的樣子。宋．葛勝仲．南鄉子．秋水瑩精神詞：「談麈生風霏玉屑，津津。」形容喜樂的樣子。新唐書．卷二二三．姦臣傳上．李林甫傳：「軒驁無少讓，喜津津出眉宇間。」
斤斤,jīn jīn,ㄐㄧㄣ ㄐㄧㄣ,明察。詩經．周頌．執競：「自彼成康，奄有四方，斤斤其明。」謹慎。後漢書．卷十八．吳漢傳：「及在朝廷，斤斤謹質，形於體貌。」聊齋志異．卷十二．錦瑟：「婢頗風格，既熟，頗以眉目送情。生斤斤自守，不敢少致差跌。」計較細處。如：「斤斤愛惜」、「斤斤於小節」。
金橘,jīn jú,ㄐㄧㄣ ㄐㄩˊ,植物名。芸香科金柑屬，低矮常綠灌木。葉為革質，互生，長橢圓形，兩端均鈍，長三至六公分，表面暗綠色，裡面蒼白色，油脂密布。花形小，白色，單立，花瓣五片。其果實也稱「金橘」，球形，熟時呈金黃色，果皮厚而柔韌，不易與果肉分離。果實可生食，或加工製成果餅、蜜餞。原產於臺灣及大陸地區東部、南部，日本、越南、菲律賓亦有出產。亦稱為「金柑」。
僅僅,jǐn jǐn,ㄐㄧㄣˇ ㄐㄧㄣˇ,不多、只有。如：「僅僅一次」。或作「堇堇」、「廑廑」。
緊絭,NA,NA,"NA"
噤吟,NA,NA,"NA"
浸淫,jìn yín,ㄐㄧㄣˋ ㄧㄣˊ,浸漬、滲入。漢書．卷五十七．司馬相如傳下：「是以六合之內，八方之外，浸淫衍溢。」逐漸親附、漸次接近。文選．王襃．洞簫賦：「師襄嚴春不敢竄其巧兮，浸淫叔子遠其類。」唐．韓愈．送孟東野序：「其存而下者，孟郊東野始以其詩鳴，其高出魏晉，不懈而及於古，其他浸淫乎漢氏矣！」
齽齘,NA,NA,"NA"
兢兢,jīng jīng,ㄐㄧㄥ ㄐㄧㄥ,小心謹慎的樣子。書經．皋陶謨：「無教逸欲有邦，兢兢業業，一日二日萬幾。」
蜻蜊,NA,NA,"NA"
蜻蜓,qīng tíng,ㄑㄧㄥ ㄊㄧㄥˊ,動物名。昆蟲綱蜻蛉目。身體細長，頭部有複眼一對，胸部背面有膜質翅兩對，前後翅的大小及形狀不同。生活於水邊，捕食蚊蠅為生，是一種益蟲。雌的以尾點水產卵水中。幼蟲為水蠆。泛稱為「青蛉」。
徑廷,jìng tíng,ㄐㄧㄥˋ ㄊㄧㄥˊ,差距很大。文選．劉孝標．辯命論：「如使仁而無報，奚為修善立名乎？斯徑廷之辭也。」亦作「徑庭」、「逕庭」。
脛脛,jìng jìng,ㄐㄧㄥˋ ㄐㄧㄥˋ,正直的樣子。漢書．卷六十六．楊敞傳：「事何容易，脛脛者未必全也。」
扃扃,jiǒng jiǒng,ㄐㄩㄥˇ ㄐㄩㄥˇ,明察。左傳．襄公五年：「周道挺挺，我心扃扃，講事不全，集人來定。」
駉駉,jiōng jiōng,ㄐㄩㄥ ㄐㄩㄥ,馬肥壯的樣子。詩經．魯頌．駉：「駉駉牡馬，在坰之野。」
冏冏,NA,NA,"NA"
炯炯,jiǒng jiǒng,ㄐㄩㄥˇ ㄐㄩㄥˇ,光明、光亮。宋．周邦彥．蝶戀花．月皎驚烏栖不定詞：「喚起兩眸清炯炯，淚花落枕紅綿冷。」儒林外史．第三十三回：「杜少卿看那先生細瘦，通眉長爪，雙眸炯炯，知他不是庸流，便也一見如故。」明察。清．龔自珍．戒將歸文：「精炯炯其獨寤兮，物溫溫其燭楹。拂清輝而不御兮，嫌太陰之尚墮乎。」張目不眠。三國．魏．陳琳．止欲賦：「宵炯炯以不寐，晝舍食而忘飢。」
啾唧,jiū jí,ㄐㄧㄡ ㄐㄧˊ,狀聲詞。形容細碎煩雜的聲音。北史．卷二十四．王憲傳：「大鵬始欲舉，燕雀何啾唧！」嘀嘀咕咕，多指煩躁不安。聊齋志異．卷五．陽武侯：「大哥啾唧，得無以遣戍無人耶？」小疾、微恙。英烈傳．第五回：「倘或道念不堅，聖躬有些啾唧，也是我們保護不周。」
啾嘈,NA,NA,"NA"
摎蓼,NA,NA,"NA"
糾蓼,NA,NA,"NA"
蝤蛑,jiū móu,ㄐㄧㄡ ㄇㄡˊ,梭子蟹的別名。見「梭子蟹」條。
岨峿,NA,NA,"NA"
痀僂,jū lóu,ㄐㄩ ㄌㄡˊ,駝背。莊子．達生：「仲尼適楚，出於林中，見痀僂者承蜩，猶掇之也。」亦作「痀瘻」。
苴蒪,NA,NA,"NA"
雎鳩,jū jiū,ㄐㄩ ㄐㄧㄡ,一種水鳥。生有定偶，故詩經關雎篇以喻君子的配偶。詩經．周南．關雎：「關關雎鳩，在河之洲。」
鞠躬,jú gōng,ㄐㄩˊ ㄍㄨㄥ,彎腰行禮。五代史平話．唐史．卷上：「赤心到殿下，金甲人喝令拜。赤心鞠躬跪拜。」初刻拍案驚奇．卷七：「張果道：『不可！不可！弟子當侍立。』小道士遵師言，鞠躬傍站。」反立正
局促,jú cù,ㄐㄩˊ ㄘㄨˋ,器量狹小。文選．古詩十九首．東城高且長：「晨風懷苦心，蟋蟀傷局促。」亦作「侷促」、「跼促」。空間狹小。三國．魏．阮籍．元父賦：「故其城郭，卑小局促。」亦作「侷促」、「跼促」。不安適的樣子。喻世明言．卷二．陳御史巧勘金釵鈿：「那假公子在席上自覺局促，本是能飲的，只推量窄，夫人也不強他。」反從容亦作「侷促」、「跼促」。短促。北史．卷四十五．夏侯道遷傳：「人生局促，何殊朝露，坐上相看，先後間耳。」器量狹小。如：「你這樣心胸侷促的人，是無法成大器的。」反大方亦作「局促」、「跼促」。空間狹小。如：「這房間太侷促，能不能換一間大一點的？」亦作「局促」、「跼促」。不安適的樣子。唐．杜甫．夢李白詩二首之二：「告歸常侷促，苦道來不易」。亦作「局促」、「跼促」。器量狹小。近狹小亦作「局促」、「侷促」。空間狹小。反寬敞亦作「局促」、「侷促」。不安適的樣子。近忐忑反從容亦作「局促」、「侷促」。
跼躅,jú zhú,ㄐㄩˊ ㄓㄨˊ,徘徊不前。史記．卷九十二．淮陰侯傳：「騏驥之跼躅，不如駑馬之安步。」
咀嚼,jǔ jué,ㄐㄩˇ ㄐㄩㄝˊ,用牙齒咬碎與磨細食物。文選．司馬相如．上林賦：「唼喋青藻，咀嚼菱藕。」抱朴子．外篇．博喻：「故鋸齒不能咀嚼，箕舌不能別味。」反覆體會、玩味。南朝梁．劉勰．文心雕龍．序志：「傲岸泉石，咀嚼文義。」老殘遊記．第九回：「仔細看去，原來是六首七絕詩，非佛非仙，咀嚼起來，到也有些意味。」近品味咬字吐音。三國．魏．曹植．正會詩：「笙磬既設，箏瑟俱張。悲歌厲聲，咀嚼清商。」詛咒。後漢書．卷六十一．左雄傳：「生為天下所咀嚼，死為海內所歡快。」
踽僂,jǔ lóu,ㄐㄩˇ ㄌㄡˊ,彎曲、駝背。文選．宋玉．登徒子好色賦：「旁行踽僂，又疥且痔。」
踽踽,jǔ jǔ,ㄐㄩˇ ㄐㄩˇ,孤單行走的樣子。詩經．唐風．杕杜：「獨行踽踽，豈無他人，不如我同父？」
齟齬,jǔ yǔ,ㄐㄩˇ ㄩˇ,牙齒上下不整齊。比喻彼此不合。唐．白居易．達理詩二首之一：「誰能坐自苦？齟齬在其中。」宋史．卷三九五．方信孺傳：「既齟齬歸，營居室巖竇，自放於詩酒。」近爭執
具然,jù rán,ㄐㄩˋ ㄖㄢˊ,自我滿足的樣子。荀子．宥坐：「今學曾未如肬贅，則具然欲為人師。」
瞿瞿,NA,NA,"NA"
寠數,NA,NA,"NA"
粔籹,jù nǜ,ㄐㄩˋ ㄋㄩˋ,用蜜和米麵煎製而成的環形糕餅。為古代冬寒時的一種食品。楚辭．宋玉．招魂：「粔籹蜜餌，有餦餭些。」宋．陸游．九里詩：「陌上鞦韆喧笑語，擔頭粔籹簇青紅。」
涓涓,juān juān,ㄐㄩㄢ ㄐㄩㄢ,細水慢流的樣子。荀子．法行：「涓涓源水，不雝不塞。」初刻拍案驚奇．卷二十八：「千峰花木，靜中有韻，細流石眼，水涓涓。」反浩浩形容眼淚、血液等不斷流出。唐．劉言史．苦婦詞：「氣噦不發聲，背頭血涓涓。」封神演義．第三十五回：「兵過五關人寂寂，將來幾次血涓涓。」小水流。孔子家語．卷三．觀周：「涓涓不壅，終為江河。」後漢書．卷三十七．丁鴻傳：「夫壞崖破巖之水，源自涓涓。」形容清白、清新。漢．王充．論衡．累害：「清吏增郁郁之白，舉涓涓之言。」唐．王初．銀河詩：「歷歷素榆飄玉葉，涓涓清月溼冰輪。」
涓然,NA,NA,"NA"
鋗,NA,NA,"NA"
悁急,juàn jí,ㄐㄩㄢˋ ㄐㄧˊ,著急煩躁。南史．卷二十四．王准之傳：「然寡風素，情悁急，不為時流所重。」宋史．卷三一一．晏殊傳：「殊性剛簡，奉養清儉。累典州，吏民頗畏其悁急。」
睊睊,juàn juàn,ㄐㄩㄢˋ ㄐㄩㄢˋ,側目怒視。孟子．梁惠王下：「飢者弗食，勞者弗息，睊睊胥讒，民乃作慝。」
戄然,jué rán,ㄐㄩㄝˊ ㄖㄢˊ,驚惶的樣子。戰國策．魏策三：「秦王戄然曰：『國有事，未澹下兵也，今以兵從。』」史記．卷六十二．管晏傳：「入閨久之，越石父請絕。晏子戄然，攝衣冠謝曰：『嬰雖不仁，免子於厄，何子求絕之速也？』」
矍矍,jué jué,ㄐㄩㄝˊ ㄐㄩㄝˊ,倉皇不專心的樣子。易經．震卦．上六：「索索視矍矍，征凶。」孔穎達．正義：「矍矍，視不專之容。」疾走的樣子。唐．柳宗元．故祕書郎姜君墓誌：「不矍矍於進取，不施施於驕伉。」
矍鑠,jué shuò,ㄐㄩㄝˊ ㄕㄨㄛˋ,老而強健。後漢書．卷二十四．馬援傳：「援據鞍顧眄，以示可用。帝笑曰：『矍鑠哉！是翁也。』」宋．蘇軾．入峽詩：「矍鑠空相視，嘔啞莫與談。」反龍鍾、軟弱
蠼螋,jué sōu,ㄐㄩㄝˊ ㄙㄡ,蚰蜒的別名。見「蚰蜒」條。
駃騠,jué tí,ㄐㄩㄝˊ ㄊㄧˊ,驢騾的別名。見「驢騾」條。古時駿馬名，相傳產於北狄。文選．李斯．上書秦始皇：「趙衛之女，不充後庭；駿良駃騠，不實外廄。」
桾櫏,NA,NA,"NA"
箘簬,jùn lù,ㄐㄩㄣˋ ㄌㄨˋ,植物名。一種竹子，細長而無節，可以用來製作弓箭。
鵕鸃,NA,NA,"NA"
愷悌,kǎi tì,ㄎㄞˇ ㄊㄧˋ,和樂平易。左傳．僖公十二年：「愷悌君子，神所勞矣。」唐．李嶠．上雍州高長史書：「愷悌之慈允洽，敷腴之好不忘。」
愾,NA,NA,"NA"
嵁巖,NA,NA,"NA"
坎坎,kǎn kǎn,ㄎㄢˇ ㄎㄢˇ,擊鼓聲。詩經．小雅．伐木：「坎坎鼓我，蹲蹲舞我。」伐木聲。詩經．魏風．伐檀：「坎坎伐檀兮，寘之河之干兮。」不安的樣子。易經．坎卦：「六三，來之坎坎，險且枕。」空乏的樣子。漢．揚雄．太玄經．窮：「羹無糝，其腹坎坎。」不平。唐．柳宗元．弔屈原文：「哀余衷之坎坎兮，獨蘊憤而增傷。」高興、歡喜。爾雅．釋訓：「坎坎、蹲蹲，喜也。」
坎坷,kǎn kě,ㄎㄢˇ ㄎㄜˇ,地不平，不好走。漢．揚雄．河東賦：「濊南巢之坎坷兮。」近崎嶇反平整比喻人潦倒不得志。聊齋志異．卷十一．陳雲棲：「移坐就榻，告愬坎坷，詞旨悲惻。」如：「半生坎坷」。近潦倒、落魄、侘傺反順利亦作「埳軻」。
顑頷,kǎn hàn,ㄎㄢˇ ㄏㄢˋ,形容因吃不飽而面黃肌瘦的樣子。楚辭．屈原．離騷：「苟余情其信姱以練要兮，長顑頷亦何傷。」
衎衎,kàn kàn,ㄎㄢˋ ㄎㄢˋ,和樂的樣子。易經．漸卦．六二:「鴻漸于磐，飲食衎衎，吉。」敏捷的樣子。漢書．卷七十六．張敞傳．贊曰：「張敞衎衎，履忠進言。」
闞然,NA,NA,"NA"
㝩㝗,NA,NA,"NA"
㝩梁,NA,NA,"NA"
慷慨,kāng kǎi,ㄎㄤ ㄎㄞˇ,志氣昂揚。史記．卷八．高祖本紀：「高祖乃起舞，慷慨傷懷，泣數行下。」初刻拍案驚奇．卷十四：「客遊汴京，途中遇一壯士，名喚盧彊，見他義氣慷慨，性格軒昂。」近激昂反低沉或作「慨慷」。大方而不吝嗇。儒林外史．第三十二回：「杜少卿拉住道：『不然我還要多給你些銀子，──因我這婁太爺病重，要料理他的光景──我好打發你回去。』當晚臧張二人都贊杜少卿的慷慨。」近大方反吝嗇、小氣
骯髒,kǎng zǎng,  ㄎㄤˇ ㄗㄤˇ,高亢剛直的樣子。宋．文天祥．得兒女消息詩：「骯髒到頭方是漢，娉婷更欲向何人。」元．元好問．古意詩：「楩楠千歲姿，骯髒空谷中。」汙穢、不潔。紅樓夢．第五回：「到頭來依舊是風塵骯髒違心願，好一似無瑕白玉遭泥陷。」老殘遊記二編．第一回：「只是香鋪子裡被褥，什麼人都蓋，骯髒得了不得，怎麼蓋呢？」近汙穢、齷齪反乾淨、潔淨、清潔亦作「唵噆」、「腌䐶」、「腌臢」。比喻窩囊、惡劣。醒世恆言．卷三．賣油郎獨占花魁：「那主兒或是年老的，或是貌醜的，或是一字不識的村牛，你卻不骯髒了一世！」亦作「唵噆」、「腌䐶」、「腌臢」。
抗髒,NA,NA,"NA"
栲栳,kǎo lǎo,ㄎㄠˇ ㄌㄠˇ,竹製或柳條製的盛物器。初刻拍案驚奇．卷十七：「被他趕著，一鞭打在腦後，猛然驚覺。自此瘡越加大了，頭脹如栲栳。」亦作「巴斗」、「笆斗」。
㕉匝,NA,NA,"NA"
謑髁,NA,NA,"NA"
可敦,kè dūn,ㄎㄜˋ ㄉㄨㄣ,可汗之妻的稱號。或稱為「賀敦」、「可賀敦」。
嶱嵑,NA,NA,"NA"
溘溘,kè kè,ㄎㄜˋ ㄎㄜˋ,狀聲詞。水聲。唐．李賀．塘上行詩：「飛下雌鴛鴦，塘水聲溘溘。」寒冷的樣子。明．劉崧．江南美詩：「沙堤十里寒溘溘，湘娥踏槳搖春愁。」
硜硜,kēng kēng,ㄎㄥ ㄎㄥ,狀聲詞。形容石頭互相撞擊的聲音。史記．卷二十四．樂書：「石聲硜硜以立別，別以致死。」鄙陋而頑固的樣子。論語．憲問：「鄙哉硜硜乎！莫己知也，斯已而已矣。」
誙誙,NA,NA,"NA"
鏗鏗,kēng kēng,ㄎㄥ ㄎㄥ,狀聲詞。形容金屬或瓦石的響聲。禮記．樂記：「鍾聲鏗鏗以立，號號以立，橫橫以立，武君子聽鍾聲則思武臣。」形容言語明確響亮。後漢書．卷七十九．儒林傳上．楊政傳：「少好學，從代郡，范升受梁丘易，善說經書。京師為之語曰：『說經鏗鏗楊子行。』」
鏗鍧,NA,NA,"NA"
鏗鏘,kēng qiāng,ㄎㄥ ㄑㄧㄤ,狀聲詞。形容清脆悅耳的聲音。漢書．卷八十一．張禹傳：「禹將崇入後堂飲食，婦女相對，優人筦弦鏗鏘極樂，昏夜乃罷。」紅樓夢．第五十三回：「鴉雀無聞，只聽鏗鏘叮噹，金鈴玉佩微微搖曳之聲。」
阬衡,kēng héng,ㄎㄥ ㄏㄥˊ,樹木枝葉茂密，重疊交錯的樣子。文選．司馬相如．上林賦：「坑衡閜砢，垂條扶疏。」
倥侗,kōng tóng,ㄎㄨㄥ ㄊㄨㄥˊ,童蒙無知的樣子。漢．揚雄．法言．序：「天降生民，倥侗顓蒙，恣乎情性，聰明不開。」亦作「空侗」。
倥傯,kǒng zǒng,ㄎㄨㄥˇ ㄗㄨㄥˇ,事情紛繁迫促的樣子。後漢書．卷二十五．卓茂傳．論曰：「嬰城者相望，斯固倥傯不暇給之日。」文選．孔稚珪．北山移文：「敲扑諠囂犯其慮，牒訴倥傯裝其懷。」窮困窘迫。後漢書．卷五十九．張衡傳：「將隆大位，必先倥傯之也。」楚辭．劉向．九歎．思古：「悲余生之無歡兮，愁倥傯於山陸。」亦作「悾憁」。
崆峒,NA,NA,"NA"
崆㟅,NA,NA,"NA"
悾悾,kōng kōng,ㄎㄨㄥ ㄎㄨㄥ,無知的樣子。論語．泰伯：「狂而不直，侗而不愿，悾悾而不信，吾不知之矣。」誠懇的樣子。後漢書．卷五十七．劉瑜傳：「臣悾悾推情，言不足採。」
悾款,kōng kuǎn,ㄎㄨㄥ ㄎㄨㄢˇ,誠懇。南朝梁．任昉．府僚重請牋：「某等不達通變，實有愚誠，不任悾款。」
箜篌,kōng hóu,ㄎㄨㄥ ㄏㄡˊ,樂器名。古代一種弦樂器。形狀似瑟而較小，弦數不一，少至五根，多至二十五根。用木撥彈奏。或稱為「空侯」、「坎侯」。
孔雀,kǒng què,ㄎㄨㄥˇ ㄑㄩㄝˋ,動物名。鳥綱鶉雞目雉科。形略似雉，體長三尺餘，翼短小，雄者特壯麗，尾有長羽，能開張作扇狀，極美觀，為著名觀賞鳥，產於熱帶。亦稱為「鳳友」。
怐愗,NA,NA,"NA"
矻矻,kù kù,ㄎㄨˋ ㄎㄨˋ,極為勞苦或勤勉不息的樣子。漢書．卷六十四下．王襃傳：「故工人之用鈍器也，勞筋苦骨，終日矻矻。」唐．韓愈．爭臣論：「孜孜矻矻，死而後已。」
塊然,kuài rán,ㄎㄨㄞˋ ㄖㄢˊ,獨處、安然。穀梁傳．僖公五年：「塊然受諸侯之尊已，而立乎其位，是不子也。」孤獨的樣子。晉．劉琨．答盧諶書：「塊然獨坐，則哀憤兩集。」聊齋志異．卷二．鳳陽士人：「女獨坐，塊然無侶，中心憤恚，頗難自堪。」
款款,kuǎn kuǎn,ㄎㄨㄢˇ ㄎㄨㄢˇ,忠誠懇切。文選．司馬遷．報任少卿書：「僕竊不自料其卑賤，見主上慘悽怛悼，誠欲效其款款之愚。」徐緩的樣子。唐．杜甫．曲江詩二首之二：「穿花蛺蝶深深見，點水蜻蜓款款飛。」每條、每項。元．孫仲章．勘頭巾．第四折：「王法條條誅濫官，明刑款款去貪殘。」
劻勷,kuāng ráng,ㄎㄨㄤ ㄖㄤˊ,急迫不安的樣子。唐．韓愈．劉統軍碑：「蔡卒幸喪，圍我許郛。新師不牢，劻勷將逋。」唐．白居易．渭村退居寄禮部崔侍郎翰林錢舍人詩一百韻：「樂天無怨歎，倚命不匡勷。」
懭悢,NA,NA,"NA"
壙埌,kuàng làng,ㄎㄨㄤˋ ㄌㄤˋ,原野廣闊遼遠。莊子．應帝王：「以處壙埌之野。」墳墓。唐．釋玄應．一切經音義．卷七．正法華經：「冢埌：『通俗文：邱塚謂之壙埌。』」
曠蕩,NA,NA,"NA"
爌熀,NA,NA,"NA"
蘷蘷,NA,NA,"NA"
睽睽,kuí kuí,ㄎㄨㄟˊ ㄎㄨㄟˊ,張著眼睛注視。如：「眾目睽睽」。
睽睢,NA,NA,"NA"
睢睢,suī suī,ㄙㄨㄟ ㄙㄨㄟ,仰目而視的樣子。漢書．卷二十七．五行志中之下：「萬眾睢睢，驚怪連日。」唐．韓愈．寄崔二十六立之詩：「久欲辭謝去，休令眾睢睢。」
躨跜,NA,NA,"NA"
騤瞿,NA,NA,"NA"
騤騤,kuí kuí,ㄎㄨㄟˊ ㄎㄨㄟˊ,馬強壯的樣子。詩經．小雅．采薇：「駕彼四牡，四牡騤騤。」
磈磊,kuǐ lěi,ㄎㄨㄟˇ ㄌㄟˇ,群石高低不平。比喻心中積鬱難平。元．許有壬．神山避暑晚行田間用陶淵明平疇交遠風良苗亦懷新為韻十首之一：「不用澆磈磊，我懷無不平。」
磈硊,NA,NA,"NA"
喟,NA,NA,"NA"
崑崙,NA,NA,"NA"
昆吾,kūn wú,ㄎㄨㄣ ㄨˊ,國名。位今河南省濮陽縣，曾為夏伯，後為商湯所滅。正午時太陽所在的地方。淮南子．天文：「至于昆吾，是謂正中。」文選．張衡．思玄賦：「躋日中於昆吾兮，憩炎火之所陶。」古代的寶刀、寶劍。以昆吾山上的赤銅打造成。山海經．中山經．郭璞．注：「此山出名銅，色赤如火，以之作刃，切玉如割泥也；周穆王時西戎獻之，尸子所謂昆吾之劍也。」亦作「錕鋙」。
昆侖,kūn lún,ㄎㄨㄣ ㄌㄨㄣˊ,山脈名。見「崑崙山脈」條。山名。見「崑崙山」條。古代泛指中南半島南部及南洋群島一帶的居民。為現今的馬來人種。見舊唐書．卷一九七．南蠻西南蠻傳．林邑傳。稱皮膚黑的人。晉書．卷三十二．后妃傳下．孝武文李太后傳：「時后為宮人，在織坊中，形長而色黑，宮人皆謂之崑崙。」道家稱頭為「崑崙」。見宋．張君房．雲笈七籤．卷十二．上部經。
悃款,NA,NA,"NA"
剌剌,là là,ㄌㄚˋ ㄌㄚˋ,狀聲詞。形容風聲或拍擊聲。唐．李商隱．送千牛李將軍赴闕五十韻：「去程風剌剌，別夜漏丁丁。」語助詞。表示加重語氣。元．王曄．桃花女．第三折：「倒做這等魘鎮事，欺心剌剌的。我不去！我不去！」紅樓夢．第二十六回：「薛蟠道：『越發說的人熱剌剌的丟不下。』」
菈擸,NA,NA,"NA"
婪婪,NA,NA,"NA"
惏悷,lín lì,ㄌㄧㄣˊ ㄌㄧˋ,悲傷的樣子。文選．宋玉．高唐賦：「令人惏悷憯悽，脅息增欷。」
欄杆,lán gān,ㄌㄢˊ ㄍㄢ,竹木或金屬條編成的柵欄。唐．李白．清平調三首之三：「解釋春風無限恨，沈香亭北倚欄杆。」近雕欄或稱為「闌干」、「闌檻」、「欄干」。在女子衣服的緣邊，以絲織成花紋交錯的裝飾物。似今日的蕾絲花邊。淚水縱橫的樣子。唐．白居易．長恨歌：「玉容寂寞淚欄杆，梨花一枝春帶雨。」
襤褸,lán lǚ,ㄌㄢˊ ㄌㄩˇ,破爛的衣服。幼學瓊林．卷二．衣服類：「敝衣曰襤褸。」或作「藍褸」、「藍縷」、「襤縷」。衣服破爛的樣子。唐．白行簡．李娃傳：「被布裘，裘有百結，襤褸如懸鶉。」近破爛反華美或作「藍褸」、「藍縷」、「襤縷」。
蘭單,NA,NA,"NA"
爁焱,NA,NA,"NA"
爛漫,làn màn,ㄌㄢˋ ㄇㄢˋ,散亂、消散。莊子．在宥：「大德不同，而性命爛漫矣。」文選．司馬相如．上林賦：「牢落陸離，爛漫遠遷。」亦作「瀾漫」。光彩分布的樣子。文選．張衡．思玄賦：「爛漫麗靡，藐以迭逷。」近絢爛、絢麗亦作「爛熳」、「爛縵」。坦白光明、性情率真。如：「天真爛漫」。近活潑光彩煥發的樣子。南朝齊．謝朓．詠兔絲詩：「爛熳已萬條，連綿復一色。」元．關漢卿．蝴蝶夢．第二折：「你看那百花爛熳，春景融和。」亦作「爛漫」、「爛縵」。熟睡的樣子。唐．杜甫．彭衙行：「眾雛爛熳睡，喚起霑盤餐。」
爛爛,NA,NA,"NA"
琅玕,láng gān,ㄌㄤˊ ㄍㄢ,圓潤如珠的美玉。文選．張衡．四愁詩之二：「美人贈我金琅玕，何以報之雙玉盤。」亦稱為「瓓玕」、「玕琅」。比喻華美的詞藻或佳文。唐．韓愈．齪齪詩：「排雲叫閶闔，披腹呈琅玕。」比喻美竹。唐．元稹．種竹詩：「可憐亭亭幹，一一青琅玕。」亦作「瑯玕」。比喻光滑美好的竹子。明．劉兌．金童玉女嬌紅記：「珊珊，驀聽的竹響瑯玕。」亦作「琅玕」。
硠,NA,NA,"NA"
硠硠,NA,NA,"NA"
琅當,NA,NA,"NA"
琅琅,láng láng,ㄌㄤˊ ㄌㄤˊ,狀聲詞：(1)​ 形容金石相擊的聲音。晉書．卷九十二．庾闡傳：「質清浮磬，聲若孤桐，琅琅其璞，巖巖其峰。」(2)​ 形容清朗的讀書聲。清．蔣士銓．鳴機夜課圖記：「銓誦聲琅琅然，與藥鼎沸聲相亂。」清．嚴復．甲辰出都呈同里諸公詩：「孤山處士音琅琅，皂袍演說常登堂。」(3)​ 形容蛇皮鼓的聲音。元．湯式．風入松．題貨郎擔兒曲：「數聲何處蛇皮鼓，琅琅過金水橋東。」亦作「不琅琅」、「不朗朗」。
莨菪,NA,NA,"NA"
鋃鐺,láng dāng,ㄌㄤˊ ㄉㄤ,狀聲詞。形容金屬或玉石撞擊的聲音。亦作「琅璫」。刑具。指縛繫人犯的鐵鎖、鐵鏈。後漢書．卷五十二．崔駰傳：「董卓以是收烈付郿獄，錮之，鋃鐺鐵鎖。」亦作「郎當」、「琅璫」。鎖鏈之物，連累而重。引申為困重不舉的意思。
閬閬,láng láng,ㄌㄤˊ ㄌㄤˊ,高大、空虛的樣子。漢書．卷八十七．揚雄傳上：「閌閬閬其寥廓兮，似紫宮之崢嶸。」明大的樣子。後漢書．卷五十九．張衡傳：「出紫宮之肅肅兮，集大微之閬閬。」
朗朗,lǎng lǎng,ㄌㄤˇ ㄌㄤˇ,明亮的樣子。南朝宋．劉義慶．世說新語．容止：「時人目『夏侯太初朗朗如日月之入懷，李安國頹唐如玉山之將崩。』」聲音清晰、響亮。唐．韓愈．奉使常山早次太原呈副使吳郎中詩：「朗朗聞街鼓，晨起似朝時。」
烺烺,NA,NA,"NA"
浪浪,láng láng,ㄌㄤˊ ㄌㄤˊ,水流的樣子。文選．曹植．洛神賦：「羅袂以掩涕兮，淚流襟之浪浪。」唐．韓愈．別知賦：「雨浪浪其不止，雲浩浩其常浮，知來者之不可以數，哀去此而無由。」
浶浪,NA,NA,"NA"
牢落,láo luò,ㄌㄠˊ ㄌㄨㄛˋ,稀疏。唐．韓愈．天星送楊凝郎中賀正詩：「天星牢落雞喔咿，僕夫起餐車載脂。」荒涼、寂靜。文選．左思．魏都賦：「臨菑牢落，鄢郢丘墟。」孤獨落寞。文選．陸機．文賦：「心牢落而無偶，意徘徊而不能揥。」
潦倒,liáo dǎo,ㄌㄧㄠˊ ㄉㄠˇ,不得志或生活貧困。文選．嵇康．與山巨源絕交書：「足下舊知吾潦倒麤疏，不切事情，自惟亦皆不如今日之賢能也。」唐．杜甫．登高詩：「艱難苦恨繁霜鬢，潦倒新停濁酒杯。」近落魄、坎坷、侘傺反得志放蕩。紅樓夢．第三回：「潦倒不通世務，愚頑怕讀文章。行為偏僻性乖張，那管世人誹謗。」兒女英雄傳．第四回：「咱們這時候拿上這三吊錢，先找個地方兒，潦倒上半天兒，回來到店裡，就說見著姓褚的了。」腳步不穩。二刻拍案驚奇．卷三十九：「守到更點二聲，公子與眾客盡帶酣意，潦倒模糊，打一個混同鋪，吹滅了燈，一齊藉地而寢。」
纍纍,lěi lěi,ㄌㄟˇ ㄌㄟˇ,繁多、重積的樣子。漢．董仲舒．春秋繁露．順命：「春秋列序位卑尊之陳，累累乎可得而觀也。」明．梁辰魚．浣紗記．第七齣：「況累累數對璠璵，更纖纖一雙花蕊。」亦作「纍纍」。屢屢。穀梁傳．哀公十三年：「吳，東方之大國也。累累致小國以會諸侯，以合乎中國。」亦作「纍纍」。繁多、重積的樣子。禮記．樂記：「倨中矩，句中鉤，纍纍乎端如貫珠。」漢書．卷九十三．佞幸傳．石顯傳：「印何纍纍，綬若若邪！」如：「果實纍纍」。亦作「累累」。瘦弱、疲憊的樣子。禮記．玉藻：「喪容纍纍，色容顛顛。」元．馬祖常．室婦歎詩：「翁姑帶索行纍纍，弱兒失爺夫失妻。」失意、不得志的樣子。史記．卷四十七．孔子世家：「纍纍若喪家之狗。」或作「儽儽」。屢屢。唐．柳宗元．三戒：「晝纍纍與人兼行，夜則竊齧鬥暴，其聲萬狀，不可以寢。」亦作「累累」。
轠轠,NA,NA,"NA"
傫傫,NA,NA,"NA"
壘塊,lěi kuài,ㄌㄟˇ ㄎㄨㄞˋ,比喻胸中積存不平之氣，抑鬱不適。南朝宋．劉義慶．世說新語．任誕：「王大曰：『阮籍胸中壘塊，故須酒澆之。』」亦作「磊塊」、「塊磊」。
磊落,lěi luò,ㄌㄟˇ ㄌㄨㄛˋ,山高大的樣子。文選．郭璞．江賦：「衡霍磊落以連鎮，巫廬嵬崛而比嶠。」眾多、錯雜的樣子。唐．杜甫．韋諷錄事宅觀曹將軍畫馬圖詩：「騰驤磊落三萬匹，皆與此圖筋骨同。」宋．陸游．長歌行：「興來買盡市橋酒，大車磊落堆長缾。」形容胸懷坦蕩，心地光明。南朝梁．劉勰．文心雕龍．明詩：「慷慨以任氣，磊落以使才。」清．洪昇．長生殿．第十齣：「壯懷磊落有誰知，一劍防身且自隨。」形容容儀俊偉的樣子。南朝宋．劉義慶．世說新語．豪爽：「其狀磊落，一坐歎賞。」北周．庾信．周柱國大將軍拓跋儉神道碑：「公狀貌丘墟，風神磊落。」
磊砢,lěi luǒ,ㄌㄟˇ ㄌㄨㄛˇ,眾多、堆累的樣子。文選．司馬相如．上林賦：「蜀石黃礝，水玉磊砢。」壯大的樣子。文選．王延壽．魯靈光殿賦：「萬楹叢倚，磊砢相扶。」樹木多節目的樣子。南朝宋．劉義慶．世說新語．賞譽：「森森如千丈松，雖磊砢有節目。」形容性情、才華卓特。南朝宋．劉義慶．世說新語．言語：「孫云：『其山嶵巍以嵯峨，其水㳌渫而揚波，其人磊砢而英多。』」
淚淚,NA,NA,"NA"
礧礧,NA,NA,"NA"
楞層,léng céng,ㄌㄥˊ ㄘㄥˊ,猙獰、威嚴的樣子。大唐三藏取經詩話上：「法師與猴行者不免進上寺門歇息，見門下左右金剛，精神猛烈、氣象生獰、古貌楞層、威風凜冽。」亦作「稜層」。
碐磳,NA,NA,"NA"
輘輷,NA,NA,"NA"
輘轢,líng lì,ㄌㄧㄥˊ ㄌㄧˋ,傾軋欺壓。漢書．卷五十二．灌夫傳：「輘轢宗室，侵犯骨肉。」或作「轔轢」、「凌轢」、「陵轢」。
冷冷,lěng lěng,ㄌㄥˇ ㄌㄥˇ,寒冷。宋．王偊偁．李太白真讚序：「冷冷碧江，下浸秋石。」態度冷漠。如：「他只對她冷冷的一笑，一句寒暄的話也不肯說。」
褵褷,NA,NA,"NA"
離離,lí lí,ㄌㄧˊ ㄌㄧˊ,分披繁盛的樣子。詩經．王風．黍離：「彼黍離離，彼稷之苗。」宋．陸游．病起詩：「斷香漠漠便支枕，芳草離離悔倚闌。」果實下垂的樣子。漢．張衡．西京賦：「神木靈草，朱實離離。」剝裂的樣子。楚辭．劉向．九歎．思古：「曾哀悽欷心離離兮，顧高丘泣如灑兮。」不親事的樣子。荀子．非十二子：「勞苦事業之中，則儢儢然，離離然。」茂盛的樣子。唐．溫庭筠．郭處士擊甌歌：「三十六宮花離離，軟風吹春星斗稀。」
離靡,NA,NA,"NA"
離披,lí pī,ㄌㄧˊ ㄆㄧ,零落分散的樣子。楚辭．宋玉．九辯：「白露既下百草兮，奄離披此梧楸。」唐．白居易．冬夜詩：「冷落燈火闇，離披簾幕破。」
邐迤,lǐ yǐ,ㄌㄧˇ ㄧˇ,曲折連綿的樣子。文選．吳質．答東阿王書：「夫登東嶽者，然後知眾山之邐迤也。」或作「邐迆」、「迆邐」、「迤邐」。
慄慄,lì lì,ㄌㄧˋ ㄌㄧˋ,聚集眾多的樣子。詩經．周頌．良耜：「穫之挃挃，積之栗栗。」恐懼戒慎的樣子。漢書．卷九．元帝紀：「朕承先帝之休烈，夙夜栗栗，懼不克任。」唐．韓愈．汴州東西水門記：「懍懍栗栗，若墜若覆。」驚恐、害怕的樣子。如：「慄慄不安」。亦作「栗慄」。寒冷的樣子。宋．王禹偁．和馮中允爐邊偶作詩：「春日雨絲暖融融，人曰雪花寒慄慄。」因驚恐害怕而起雞皮疙瘩。聊齋志異．卷二．聶小倩：「妾今日視之，肌猶栗慄。」亦作「慄慄」。
栗烈,lì liè,ㄌㄧˋ ㄌㄧㄝˋ,寒冷。詩經．豳風．七月：「一之日觱發，二之日栗烈，無衣無褐，何以卒歲。」宋．范成大．思佛亭曉望詩：「栗烈剛風刮病眸，登臨何啻緩千憂。」亦作「慄冽」。
栗栗,lì lì,ㄌㄧˋ ㄌㄧˋ,聚集眾多的樣子。詩經．周頌．良耜：「穫之挃挃，積之栗栗。」恐懼戒慎的樣子。漢書．卷九．元帝紀：「朕承先帝之休烈，夙夜栗栗，懼不克任。」唐．韓愈．汴州東西水門記：「懍懍栗栗，若墜若覆。」驚恐、害怕的樣子。如：「慄慄不安」。亦作「栗慄」。寒冷的樣子。宋．王禹偁．和馮中允爐邊偶作詩：「春日雨絲暖融融，人曰雪花寒慄慄。」因驚恐害怕而起雞皮疙瘩。聊齋志異．卷二．聶小倩：「妾今日視之，肌猶栗慄。」亦作「慄慄」。
欐欐,NA,NA,"NA"
歷歷,lì lì,ㄌㄧˋ ㄌㄧˋ,清楚明白，分明可數。唐．崔顥．黃鶴樓詩：「晴川歷歷漢陽樹，春草萋萋鸚鵡洲。」初刻拍案驚奇．卷十四：「歷歷述說平生事，無一不記。」
莅莅,lì lì,ㄌㄧˋ ㄌㄧˋ,狀聲詞。形容水流的聲音。文選．司馬相如．上林賦：「踰波趨浥，蒞蒞下瀨。」
漣漪,lián yī,ㄌㄧㄢˊ ㄧ,水面上細微的波紋。宋．歐陽修．採桑子．輕舟短棹西湖好詞：「無風水面琉璃滑，不覺船移，微動漣漪。驚起沙禽掠岸飛。」
漣洏,lián ér,ㄌㄧㄢˊ ㄦˊ,涕淚交流的樣子。三國．魏．王粲．贈蔡子篤詩：「中心孔悼，涕淚漣洏。嗟爾君子，如何勿思！」
聯卷,NA,NA,"NA"
聯娟,lián juān,ㄌㄧㄢˊ ㄐㄩㄢ,眉毛微彎、美好的樣子。文選．曹植．洛神賦：「雲髻峨峨，脩眉聯娟。」亦作「連娟」。
謰謱,NA,NA,"NA"
連連,lián lián,ㄌㄧㄢˊ ㄌㄧㄢˊ,徐緩的樣子。詩經．大雅．皇矣：「臨衝閑閑，崇墉言言，執訊連連，攸馘安安。」連綿不斷。三國．魏．陳琳．飲馬長城窟行：「長城何連連，連連三千里。」儒林外史．第二十八回：「連連在飯店裡住了幾天，盤纏也用盡了。」
連軒,NA,NA,"NA"
連卷,lián quán,ㄌㄧㄢˊ ㄑㄩㄢˊ,彎曲、卷曲。文選．張衡．南都賦：「微眺流睇，蛾眉連卷。」亦作「連蜷」。
戀眷,NA,NA,"NA"
眷眷,juàn juàn,ㄐㄩㄢˋ ㄐㄩㄢˋ,顧念、依戀不捨。文選．王粲．登樓賦：「情眷眷而懷歸兮，孰憂思之可任。」宋．蘇軾．屈原塔詩：「世俗安得知，眷眷不忍決。」
瀲灧,liàn yàn,ㄌㄧㄢˋ ㄧㄢˋ,水滿溢的樣子。南朝梁．何遜．行經范僕射故宅詩：「瀲灩故池水，蒼茫落日暉。」元．李治．摸魚兒．為多情詞：「香瀲灩銀塘，對抹胭指露，藕絲幾縷。」水波相連。唐．方干．題應天寺上方兼呈謙上人詩：「勢橫綠野蒼茫外，影落平湖瀲灩間。」波光映照。宋．蘇軾．飲湖上初晴後雨詩二首之二：「水光瀲灩晴方好，山色空濛雨亦奇。」月光明亮，如水般清澈。宋．蘇軾．中秋月寄子由詩三首之一：「殷勤去年月，瀲灩古城東。」
俍倡,NA,NA,"NA"
俍傍,NA,NA,"NA"
梁昌,NA,NA,"NA"
悢悢,liàng liàng,ㄌㄧㄤˋ ㄌㄧㄤˋ,惆悵。文選．李陵．與蘇武詩三首之三：「攜手上河梁，遊子暮何之？徘徊蹊路側，悢悢不得辭。」眷念。後漢書．卷六十六．陳蕃傳：「天之於漢，悢悢不已。」
踉蹌,liàng qiàng,ㄌㄧㄤˋ ㄑㄧㄤˋ,走路歪斜不穩。三國演義．第四十一回：「忽見糜芳面帶數箭，踉蹌而來。」初刻拍案驚奇．卷七：「道士去拾時，腳步踉蹌，連身子也跌倒了。」亦作「踉蹡」。
嘹亮,liáo liàng,ㄌㄧㄠˊ ㄌㄧㄤˋ,聲音清澈而響亮。南朝梁．劉孝綽．三日侍華光殿曲水宴詩：「妍歌已嘹亮，妙舞復紆餘。」近洪亮、響亮反低沉、沙啞、嘶啞亦作「憀亮」、「嘹喨」。
嘹唳,liáo lì,ㄌㄧㄠˊ ㄌㄧˋ,鴻、雁、鶴等的鳴聲。唐．李百藥．笙賦：「遠而聽之，若遊鴛翔鶴，嘹唳飛空。」亦作「嘹嚦」。蟬鳴聲。唐．陳子昂．西還至散關答喬補闕知之詩：「葳蕤蒼梧鳳，嘹唳白露蟬。」
寥寥,liáo liáo,ㄌㄧㄠˊ ㄌㄧㄠˊ,深邃的樣子。文選．左思．詠史八首之四：「寥寥空宇中，所講在玄虛。」孤寂，空虛。唐．宋之問．溫泉莊臥病寄楊七炯詩：「移疾臥茲嶺，寥寥倦幽獨。」唐．祖詠．蘇氏別業詩：「寥寥人境外，閑坐聽春禽。」數量稀少。唐．權德輿．舟行見月詩：「月入孤舟夜半晴，寥寥霜雁兩三聲。」文明小史．第二十七回：「那時天氣尚早，遊客寥寥。」
寥落,liáo luò,ㄌㄧㄠˊ ㄌㄨㄛˋ,稀疏。文選．謝朓．京路夜發詩：「曉星正寥落，晨光復泱漭。」近稀疏衰敗、破落。唐．白居易．自河南經亂關內阻饑兄弟離散各在一處因望月有感詩：「田園寥落干戈後，骨肉流離道路中。」冷清，不熱鬧。唐．元稹．行宮詩：「寥落古行宮，宮花寂寞紅。」紅樓夢．第二十三回：「忽想起那大觀園中景致，自己幸過之後，賈政必定敬謹封鎖，不敢使人進去搔擾，豈不寥落？」
寥廓,liáo kuò,ㄌㄧㄠˊ ㄎㄨㄛˋ,空曠、深遠。楚辭．屈原．遠遊：「下崢嶸而無地兮，上寥廓而無天。」文選．曹植．贈白馬王彪詩：「太谷何寥廓，山樹鬱蒼蒼。」冷清、空洞。文選．左思．詠史八首之七：「長卿還成都，壁立何寥廓。」形容氣度寬宏。南朝梁．劉勰．文心雕龍．雜文：「宋玉含才，頗亦負俗，始造對問，以申其志，放懷寥廓，氣實使之。」
寥唳,NA,NA,"NA"
寥亮,NA,NA,"NA"
漻浰,NA,NA,"NA"
繚繞,liáo rào,ㄌㄧㄠˊ ㄖㄠˋ,環繞、盤旋。元．關漢卿．魯齋郎．第三折：「常則是笙簫繚繞了鬟簇，三盃酒滿金鸚鵡。」文明小史．第三十五回：「華巖上更有一樁奇景，就是瀑布，有二十多丈寬，七十多丈長，望上去煙雲繚繞，底下漭騰澎湃，有若雷鳴。」飄搖。文選．張衡．南都賦：「脩袖繚繞而滿庭，羅襪躡蹀而容與。」
聊浪,NA,NA,"NA"
飂戾,liáo lì,ㄌㄧㄠˊ ㄌㄧˋ,迅速。後漢書．卷五十九．張衡傳：「戫汨飂戾沛以罔象兮，爛漫麗靡藐以迭逿。」狀聲詞。形容風的聲音。文選．潘岳．西征賦：「吐清風之飂戾，納歸雲之鬱蓊。」
飂飂,liáo liáo,ㄌㄧㄠˊ ㄌㄧㄠˊ,風高吹的樣子。淮南子．覽冥：「故至陰飂飂、至陽赫赫，兩者交接成和而萬物生焉。」三國．魏．阮籍．清思賦：「聲飂飂以洋洋，若登崑崙而臨西海。」
飉飉,NA,NA,"NA"
飉濿,NA,NA,"NA"
憭慄,NA,NA,"NA"
了了,liǎo liǎo,ㄌㄧㄠˇ ㄌㄧㄠˇ,聰明慧黠。南朝宋．劉義慶．世說新語．言語：「小時了了，大未必佳。」明白、清楚。唐．李白．秋浦歌：「桃波一步地，了了語聲聞。」如：「不甚了了」。近明晰清理。如：「了了虧空。」語尾助詞。有非常之意。如：「白了了」。
蓼蓼,lù lù,ㄌㄨˋ ㄌㄨˋ,植物茁壯長大的樣子。詩經．小雅．蓼莪：「蓼蓼者莪，匪莪伊蒿。哀哀父母，生我劬勞」。
列缺,liè quē,ㄌㄧㄝˋ ㄑㄩㄝ,閃電。漢書．卷八十七．揚雄傳上：「辟歷列缺，吐火施鞭。」唐．李白．夢遊天姥吟留別詩：「列缺霹靂，丘巒崩摧。」高空。楚辭．屈原．遠遊：「上至列缺兮，降望大壑。」
烈烈,liè liè,ㄌㄧㄝˋ ㄌㄧㄝˋ,高峻的樣子。詩經．小雅．蓼莪：「南山烈烈，飄風發發。」形容極端強烈。唐．張說．祭石嶺戰亡士文：「嗟爾戰夫，烈烈忠勇，奮不顧命，志無旋踵。」狀聲詞：(1)​ 形容風的聲音。晉．劉琨．扶風歌：「烈烈悲風起，泠泠澗水流。」(2)​ 形容聲音多且繁雜。南朝宋．謝惠連．擣衣詩：「肅肅莎雞羽，烈烈寒蟹啼。」(3)​ 形容水流的聲音。唐．皮日休．霍山賦：「有泉烈烈，其來如決。」
獵獵,liè liè,ㄌㄧㄝˋ ㄌㄧㄝˋ,狀聲詞：(1)​ 形容風的聲音。宋．歐陽修．漁家傲．十一月新陽排壽宴詞：「獵獵寒威雲不倦，風頭轉，時看雲霰吹人面。」(2)​ 形容旗幟在風中飄動時所發出的聲音。唐．李白．永王東巡歌十首之三:「雷鼓嘈嘈喧武昌，雲騎獵獵過尋陽。」
颲颲,NA,NA,"NA"
嶙峋,lín xún,ㄌㄧㄣˊ ㄒㄩㄣˊ,山石奇兀聳峭的樣子。清．嚴復．甲辰出都呈同里諸公詩：「東行欲盡未盡時，盤薄嶙峋作奇怪。」形容人清瘦見骨的樣子。如：「瘦骨嶙峋」。形容為人剛毅正直。如：「文天祥風骨嶙峋，其至死不屈的節操傳誦千古。」
林林,NA,NA,"NA"
淋灕,lín lí,ㄌㄧㄣˊ ㄌㄧˊ,溼透的樣子。唐．韓愈．和虞部盧四酬翰林錢七赤藤杖歌：「共傳滇神出水獻，赤龍拔鬚血淋漓。」初刻拍案驚奇．卷十六：「那一日大雨淋漓，路上無人行走。」或作「淋離」、「淋灕」。形容氣勢充盛酣暢。唐．李商隱．韓碑詩：「公退齋戒坐小閣，濡染大筆何淋漓。」宋．陸游．漢宮春．羽箭彫弓詞：「淋漓醉墨，看龍蛇飛落蠻牋。」
淋淋,lín lín,ㄌㄧㄣˊ ㄌㄧㄣˊ,水往下滴的樣子。文選．枚乘．七發：「其始起也，洪淋淋焉，若白鷺之下翔。」或作「淋漉」。狀聲詞。形容雨水滑落的聲音。三國．魏．曹植．曹子建集．卷三．愁霖賦：「瞻玄雲之晻晻兮，聽長空之淋淋。」
潾潾,NA,NA,"NA"
燐亂,lín luàn,ㄌㄧㄣˊ ㄌㄨㄢˋ,光彩繽紛，閃耀不定。文選．王延壽．魯靈光殿賦：「瀖瀖燐亂，煒煒煌煌。」
琳瑯,lín láng,ㄌㄧㄣˊ ㄌㄤˊ,美玉。醉醒石．第十四回：「移將閬苑琳琅樹，卻作門前桃李花。」或作「琳瑯」。狀聲詞。形容玉的相擊聲。文選．何晏．景福殿賦：「流羽毛之威蕤，垂環玭之琳琅。」比喻優美的人才或珍貴的圖書。唐．柳宗元．答貢士沈起書：「又覽所著文，宏博中正，富我以琳琅珪壁之寶甚厚。」
璘彬,NA,NA,"NA"
璘班,NA,NA,"NA"
碄碄,NA,NA,"NA"
粼粼,lín lín,ㄌㄧㄣˊ ㄌㄧㄣˊ,水流清澈的樣子。清．毛奇齡．相見歡．花前顧影粼粼詞：「花前顧影粼粼，水中人，水面殘花片片繞人身。」
轔轢,lín lì,ㄌㄧㄣˊ ㄌㄧˋ,車輪輾過。史記．卷一一七．司馬相如傳：「徒車之所轔轢，乘騎之所蹂若。」欺凌。隋書．卷七十五．儒林傳．何妥傳：「曹魏祖不識北辰，今復轔轢太史。」近踐踏亦作「凌轢」。
轔轔,lín lín,ㄌㄧㄣˊ ㄌㄧㄣˊ,車行聲。唐．杜甫．兵車行：「車轔轔，馬蕭蕭，行人弓箭各在腰。」
凜然,NA,NA,"NA"
凜凜,NA,NA,"NA"
懍懍,lǐn lǐn,ㄌㄧㄣˇ ㄌㄧㄣˇ,危懼的樣子。書經．泰誓中：「百姓懍懍，若崩厥角。」文選．陸機．文賦：「心懍懍以懷霜，志眇眇而臨雲。」勁烈嚴正的樣子。後漢書．卷七十．孔融傳．論曰：「懍懍焉，皜皜焉，其與琨玉秋霜比質可也。」
躪轢,NA,NA,"NA"
伶俜,líng pīng,ㄌㄧㄥˊ ㄆㄧㄥ,飄零孤單的樣子。樂府詩集．卷七十三．雜曲歌辭十三．古辭．焦仲卿妻：「晝夜勤作息，伶俜縈苦辛。」唐．杜甫．新安吏詩：「肥男有母送，瘦男獨伶俜。」
凌歷,NA,NA,"NA"
囹圄,líng yǔ,ㄌㄧㄥˊ ㄩˇ,監牢、監獄。初刻拍案驚奇．卷十一：「那有罪的老死牖下，無罪的卻命絕了囹圄刀鋸之間。」儒林外史．第十一回：「則小弟這幾根老骨頭，只好瘐死囹圄之中矣！」
岺巆,NA,NA,"NA"
岺嶙,NA,NA,"NA"
崚嶒,léng céng,ㄌㄥˊ ㄘㄥˊ,山勢高峻重疊。南朝梁．沈約．游鍾山詩應西陽王教詩：「鬱嵂構丹巘，崚嶒起青嶂。」唐．陳子昂．送魏兵曹使巂州得登字詩：「勿以王陽道，迢遞畏崚嶒。」或作「嶒稜」、「嶒崚」。形容人性情剛直、堅貞不屈。如：「傲骨崚嶒」。
㱥殑,NA,NA,"NA"
泠泠,líng líng,ㄌㄧㄥˊ ㄌㄧㄥˊ,狀聲詞。形容清脆激越的聲音。北魏．酈道元．水經注．江水注：「猿鳴至清，山谷傳響，泠泠不絕。」文選．陸機．文賦：「文徽徽以溢目，音泠泠而盈耳。」清涼。文選．宋玉．風賦：「清清泠泠，愈病析酲。」言談清逸脫俗。醒世恆言．卷四．灌園叟晚逢仙女：「舉目看十八姨，體態飄逸，言詞泠泠有林下風氣。」
玲瓏,líng lóng,ㄌㄧㄥˊ ㄌㄨㄥˊ,狀聲詞。形容玉聲。文選．班固．東都賦：「龢鑾玲瓏，天官景從。」明亮的樣子。唐．李白．玉階怨詩：「卻下水晶簾，玲瓏望秋月。」形容器物細緻精巧。唐．白居易．長恨歌：「樓閣玲瓏五雲起，其中綽約多仙子。」初刻拍案驚奇．卷七：「面前有座玲瓏四柱牌樓，抬頭看時，上面有個大匾額。」比喻人聰明、靈活。如：「玲瓏剔透」、「玲瓏活潑」。
玲玲,líng líng,ㄌㄧㄥˊ ㄌㄧㄥˊ,狀聲詞。形容玉聲。南朝梁．劉勰．文心雕龍．聲律：「則轉聲於吻，玲玲如振玉。」
瓴甋,líng dí,ㄌㄧㄥˊ ㄉㄧˊ,磚塊。晉．張協．雜詩三首之三：「瓴甋夸璵璠，魚目笑明月。」
聆聆,NA,NA,"NA"
苓落,NA,NA,"NA"
蛉窮,NA,NA,"NA"
醽醁,líng lù,ㄌㄧㄥˊ ㄌㄨˋ,用湖南衡陽縣東酃湖湖水所釀製的酒。後泛指美酒。晉．潘尼．皇太子集應令詩：「羽觴飛醽醁，芳饌備奇珍。」或作「酃淥」、「醽淥」。
鈴鈴,NA,NA,"NA"
零丁,líng dīng,ㄌㄧㄥˊ ㄉㄧㄥ,孤單沒有依靠的樣子。文選．李密．陳情表：「零丁孤苦，至於成立。」近孤單或作「伶丁」、「伶仃」。身體瘦弱的樣子。二刻拍案驚奇．卷三十五：「不誆一出門擔閣了這些時，那小猢猻不要說急死，餓也該餓得零丁了。」或作「伶丁」、「伶仃」。舊時稱尋人的啟事為「零丁」。或作「令丁」。
流連,liú lián,ㄌㄧㄡˊ ㄌㄧㄢˊ,貪戀玩樂而忘歸。孟子．梁惠王下：「流連荒亡，為諸侯憂。」留滯、徘徊不忍離去。三國志．卷十五．魏書．劉馥傳：「封符指期，無流連之吏。」文選．傅亮．為宋公修張良廟教：「游九京者，亦流連於隨會。」亦作「留連」。轉徙離散。漢書．卷八十六．師丹傳：「百姓流連，無所歸心。」流淚。後漢書．卷四十八．翟酺傳：「既坐，言無所及，唯涕泣流連。」
瀏亮,liú liàng,ㄌㄧㄡˊ ㄌㄧㄤˋ,清朗明亮。文選．陸機．文賦：「詩緣情而綺靡，賦體物而瀏亮。」
琉璃,liú lí,ㄌㄧㄡˊ ㄌㄧˊ,青色的寶石。後漢書．卷八十八．西域傳．大秦傳：「土多金銀奇寶，有夜光璧、明月珠、駭雞犀、珊瑚、虎魄、琉璃、琅玕、朱丹、青碧。」亦作「流離」。用扁青石，即鋁和鈉的硅酸化合物燒鍊成的物體，多為青色和黃色。可加在黏土的外層，再燒製成缸、瓦、盆等。亦稱為「火齊」。
留落,NA,NA,"NA"
蟉虯,NA,NA,"NA"
䚧觩,NA,NA,"NA"
飀飀,NA,NA,"NA"
鶹鷅,liú lì,ㄌㄧㄡˊ ㄌㄧˋ,動物名。猛禽類。體長兩尺左右，頭圓喙短，背部羽毛呈灰色，腹部則呈黃色。幼鳥較美，及長則貌醜陋。生性凶猛，相傳會食其母。或稱為「鶹離」。
懰慄,liú lì,ㄌㄧㄡˊ ㄌㄧˋ,憂傷悲愴。漢書．卷九十七．外戚傳上．孝武李夫人傳：「懰慄不言，倚所恃兮。」
巃嵸,NA,NA,"NA"
瓏璁,lóng cōng,ㄌㄨㄥˊ ㄘㄨㄥ,金玉聲。唐．毛文錫．接賢賓．香韉鏤襜五色驄詞：「少年公子能乘馭，金鑣玉轡瓏璁。」頭髮蓬鬆的樣子。宋．辛棄疾．謁金門．歸去未詞：「遙想歸舟天際，綠鬢瓏璁慵理。」樹木青蔥的樣子。宋．朱熹．數日前與判院丈有宋村之約雪中有懷奉呈判院通判二丈詩：「玄空杳靄低迷外，碧樹瓏璁掩映間。」
蘢茸,lóng róng,ㄌㄨㄥˊ ㄖㄨㄥˊ,叢聚的樣子。漢．司馬相如．大人賦：「攢羅列聚，叢以蘢茸兮。」
蘢蔥,NA,NA,"NA"
隆穹,lóng qiōng,ㄌㄨㄥˊ ㄑㄩㄥ,高大而中間隆起的樣子。後漢書．卷六十上．馬融傳：「隆穹槃回，嵎峗錯崔。」車篷。漢書．卷三十七．季布傳「置廣柳車中」句下李奇．注：「廣柳，大隆穹也。」顏師古．注：「隆穹，所謂車軬者耳。」
龍鐘,lóng zhōng,ㄌㄨㄥˊ ㄓㄨㄥ,年老體衰行動不便的樣子。唐．劉長卿．江州重別薛六柳八二員外詩：「今日龍鍾人共老，媿君猶遣慎風波。」唐．杜甫．寄彭州高三十五使君適虢州岑二十七長史參三十韻：「何太龍鍾極？於今出處妨。」潦倒失意。唐．元載．別妻王韞秀詩：「年來誰不厭龍鍾？雖在侯門不見容。」流淚的樣子。唐．岑參．逢入京使詩：「故園東望路漫漫，雙袖龍鍾淚不乾。」
龍鯉,NA,NA,"NA"
慺慺,lóu lóu,ㄌㄡˊ ㄌㄡˊ,恭敬勤懇，小心謹慎。後漢書．卷五十四．楊震傳：「老臣過受師傅之任，數蒙寵異之恩，豈敢愛惜垂沒之年，而不盡其慺慺之心哉！」三國志．卷十三．魏書．王朗傳：「老臣慺慺，願國家同祚於軒轅之五五。」
盧橘,NA,NA,"NA"
蘆菔,lú fú,ㄌㄨˊ ㄈㄨˊ,蘿蔔。說文解字：「服，蘆菔，似蕪菁，實如小尗者。」段玉裁．注：「今之蘿蔔也。」後漢書．卷十一．劉盆子傳：「幽閉殿內，掘庭中蘆菔根。」
鸕鶿,lú cí,ㄌㄨˊ ㄘˊ,動物名。鳥綱鵜形目。形似鴉而黑，喉白，嘴長，善潛水捕魚，喉下皮膚擴大成囊狀，捕得魚就置於囊內。亦稱為「摸魚公」、「墨鴉」、「水老鴉」、「烏鬼」、「魚鷹」。
琭琭,NA,NA,"NA"
睩睩,NA,NA,"NA"
碌碌,lù lù,ㄌㄨˋ ㄌㄨˋ,平庸的樣子。後漢書．卷八十．文苑傳下．禰衡傳：「餘子碌碌，莫足數也。」三國演義．第二十一回：「此等碌碌小人，何足挂齒。」或作「逯逯」、「錄錄」、「陸陸」。忙碌、奔波。紅樓夢．第二十二回：「從前碌碌卻因何？到如今，回頭試想真無趣。」狀聲詞。形容車行的聲音。唐．賈島．古意詩：「碌碌復碌碌，百年雙轉轂。」亦作「轆轆」。形容玉石的色彩美麗。南朝梁．劉勰．文心雕龍．總術：「落落之玉，或亂乎石；碌碌之石，時似乎玉。」才氣洋溢。南朝宋．劉義慶．世說新語．識鑒：「唯阿奴碌碌，當在阿母目下耳。」
碌硞,NA,NA,"NA"
趢趗,NA,NA,"NA"
逯逯,lù lù,ㄌㄨˋ ㄌㄨˋ,行為謹慎。如：「他一向行事逯逯，怎會出此差錯？」平庸無奇。如：「咱們皆是逯逯之輩，有什麼好爭的！」亦作「碌碌」。
陸離,lù lí,ㄌㄨˋ ㄌㄧˊ,參差分散的樣子。楚辭．屈原．離騷：「紛總總其離合兮，斑陸離其上下。」文選．揚雄．甘泉賦：「聲駍隱以陸離兮，輕先疾雷而馺遺風。」長的樣子。楚辭．屈原．九章．涉江：「帶長鋏之陸離兮，冠切雲之崔嵬。」美玉。楚辭．劉向．九歎．逢紛：「薜荔飾而陸離薦兮，魚鱗衣而白蜺裳。」
陸梁,lù liáng,ㄌㄨˋ ㄌㄧㄤˊ,跳躍的樣子。漢．陳琳．檄吳將校部曲文：「譬猶鷇卵，始生翰毛，而便陸梁放肆，顧行吠主。」地名。秦時指今之廣東、廣西。
鷺鷥,lù sī,ㄌㄨˋ ㄙ,動物名。鳥綱鸛鷺目。羽毛潔白，腳高頸長嘴尖，夏季頭頂處生純白色長毛。常棲息在沼澤地區，以水中的魚類、水生動物和昆蟲為食物。大量啄食田中害蟲，是一種益鳥。亦稱為「白鷺」、「白鷺鷥」、「老等」。
氀毼,NA,NA,"NA"
欒欒,luán luán,ㄌㄨㄢˊ ㄌㄨㄢˊ,瘦弱的樣子。詩經．檜風．素冠：「庶見素冠兮，棘人欒欒兮。」亦作「臠臠」。
掠削,NA,NA,"NA"
淪落,lún luò,ㄌㄨㄣˊ ㄌㄨㄛˋ,沉淪、墮落。唐．李白．題嵩山逸人元丹丘山居詩：「家本紫雲山，道風未淪落。」唐．柳宗元．上桂州李中丞薦盧遵啟：「今乃凋喪淪落，莫有達者。」近墮落、沉淪反發跡、騰達、榮達漂泊流離。唐．高適．真定即事奉贈韋使君二十八韻：「淪落而誰遇，棲遑有是夫。」
蘿勒,NA,NA,"NA"
蘿蔔,luó bo,ㄌㄨㄛˊ ˙ㄅㄛ,植物名。十字花科萊菔屬，一年生或二年生草本。莖高尺餘，根呈長圓柱形或球形，皮白色或紅色。葉作羽狀分裂，有鋸齒。春日梢上開花，花色淡紫或白，花後結生細長角果。根多肉質，可食，有利尿助消化的功效。根的皮肉為白色者，稱為「白蘿蔔」；根的皮肉呈紅色者，稱為「紅蘿蔔」。亦稱為「萊菔」、「蘆菔」、「菜頭」。
覶縷,NA,NA,"NA"
珞珞,luò luò,ㄌㄨㄛˋ ㄌㄨㄛˋ,石頭堅硬的樣子。老子．第三十九章:「故致數輿無輿，不欲琭琭如玉，珞珞如石。」
犖犖,luò luò,ㄌㄨㄛˋ ㄌㄨㄛˋ,事理分明的樣子。史記．卷二十七．天官書：「越之亡，熒惑守斗；朝鮮之拔，星茀于河戍；兵征大宛，星茀招搖；此其犖犖大者。」光明磊落的樣子。唐．韓愈．代張籍與李浙東書：「惟閣下心事犖犖，與俗輩不同。」
絡繹,luò yì,ㄌㄨㄛˋ ㄧˋ,前後相連，繼續不斷。三國演義．第七十七回：「正商議間，荊州捷報使命，絡繹而至。」明．徐渭．雌木蘭．第一齣：「軍書絡繹，有十二卷來的，卷卷有俺家爺的名字。」亦作「駱驛」。
落落,luò luò,ㄌㄨㄛˋ ㄌㄨㄛˋ,形容高、眾多或稀疏等現象的狀態詞。文選．陸機．歎逝賦：「親落落而日稀，友靡靡而愈索。」唐．杜甫．古柏行：「落落盤踞雖得地，冥冥孤高多烈風。」形容舉止瀟灑自然，心胸曠達率真。晉書．卷一○五．石勒載記下：「大丈夫行事當礌礌落落，如日月皎然。」形容對人冷淡，與人合不來。晉．左思．詠史詩八首之八：「落落窮巷士，抱影守空廬。」如：「落落寡合」。淪落、衰敗的樣子。宋．文天祥．過零丁洋詩：「辛苦遭逢起一經，干戈落落四周星。」聊齋志異．卷一．葉生：「行蹤落落，對影長愁。」
駱駝,luò tuo,ㄌㄨㄛˋ ˙ㄊㄨㄛ,動物名。哺乳綱偶蹄目，脊椎動物。身形高大，背上有駝峰，依駝峰可分單峰和雙峰兩種。雙重眼瞼，可擋風沙。腳下有肉墊，適於沙漠行走。能反芻，有高度耐飢渴的能力。可供騎乘及載貨，是沙漠中的主要負重動物，故亦稱為「沙漠之舟」。原產地在北非、阿拉伯、伊朗、中亞和西班牙等地。亦稱為「橐駝」。
駱漠,NA,NA,"NA"
麻茶,NA,NA,"NA"
瑪瑙,mǎ nǎo,ㄇㄚˇ ㄋㄠˇ,一種礦物。為結晶石英、石髓及蛋白石的混合物。有赤、白、灰各色相間，成平行環狀波紋，中心部的空隙常附著有石英結晶，可作飾物。或稱為「碼碯」、「文石」。
邁邁,NA,NA,"NA"
霡霂,NA,NA,"NA"
嫚嫚,NA,NA,"NA"
曼衍,màn yǎn,ㄇㄢˋ ㄧㄢˇ,綿延不絕。莊子．寓言：「因以曼衍，所以窮年。」分布、擴散。文選．揚雄．甘泉賦：「駮交錯而曼衍兮，嵈𡽁隗乎其相嬰。」近分布
曼羨,màn xiàn,ㄇㄢˋ ㄒㄧㄢˋ,盛大廣散。漢書．卷五十七．司馬相如傳下：「大漢之德，逢涌原泉，沕潏曼羨，旁魄四塞，雲布霧散，上暢九垓，下泝八埏。」
漫漫,màn màn,ㄇㄢˋ ㄇㄢˋ,無拘無束的樣子。漢書．卷五十三．景十三王傳．江都易王劉非傳：「王前事漫漫，今當自謹。」唐．柳宗元．始得西山宴游記：「其隙也，則施施而行，漫漫而游。」長遠的樣子。唐．岑參．逢入京使詩：「故園東望路漫漫，雙袖龍鍾淚不乾。」無邊無際的樣子。三國演義．第六回：「見紫微垣中白氣漫漫，堅歎曰：『帝星不明，賊臣亂國，萬民塗炭，京城一空！』言訖，不覺淚下。」初刻拍案驚奇．卷一：「四望漫漫，身如一葉，不覺淒然，吊下淚來。」容光煥發。敦煌變文．歡喜國王緣：「盈盈素質，灼灼嬌姿，實可漫漫，偏稱王心。」
縵縵,màn màn,ㄇㄢˋ ㄇㄢˋ,形容雲行舒緩由厚轉薄的樣子。比喻教化的廣被。尚書大傳．卷一下．虞夏傳：「卿雲爛兮，糾縵縵兮。」廣遠的樣子。戰國策．魏策一：「綿綿不絕，縵縵奈何。」
尨茸,méng róng,ㄇㄥˊ ㄖㄨㄥˊ,雜多紛亂的樣子。左傳．僖公五年：「狐裘尨茸，一國三公，吾誰適從？」
芒芒,máng máng,ㄇㄤˊ ㄇㄤˊ,廣大的樣子。詩經．商頌．玄鳥：「天命玄鳥，降而生商，宅殷土芒芒。」文選．張衡．思玄賦：「建罔車幕幕兮，獵青林之芒芒。」遠的樣子。文選．左思．魏都賦：「綷以藻詠，芒芒終古。」疲倦的樣子。孟子．公孫丑上：「宋有閔其苗之不長而揠之者，芒芒然歸。」無知的樣子。漢．武帝．李夫人賦：「驩接狎以離別兮，宵寤夢之芒芒。」多的樣子。文選．束皙．補亡詩：「芒芒其稼，參參其穡。」盛的樣子。文選．陸機．門有車馬客行：「墳壠日月多，松柏鬱芒芒。」
茫然,máng rán,ㄇㄤˊ ㄖㄢˊ,無所知的樣子。唐．韓愈．宿曾江口示姪孫湘詩：「茫然失所詣，無路何能還。」紅樓夢．第三十三回：「見寶釵進來，方得便出來，茫然不知何往。」悵惘若失的樣子。唐．杜甫．送韋書記赴安西詩：「欲浮江海去，此別意茫然。」廣遠的樣子。唐．李白．行路難三首之一：「停杯投箸不能食，拔劍四顧心茫然。」唐．杜甫．遣興詩三首之一：「下馬古戰場，四顧但茫然。」
茫昧,máng mèi,ㄇㄤˊ ㄇㄟˋ,幽暗不可知。晉．陶淵明．怨詩楚調示龐主簿鄧治中詩：「天道幽且遠，鬼神茫昧然。」南朝梁．劉勰．文心雕龍．宗經：「書實記言，而訓詁茫昧，通乎爾雅，則文意曉然。」
茫洋,máng yáng,ㄇㄤˊ ㄧㄤˊ,廣大而無邊際的樣子。唐．韓愈．雜說：「然龍乘是氣，茫洋窮乎玄間，薄日月，伏光景，感震電，神變化，水下土，汨陵谷。」
茫茫,máng máng,ㄇㄤˊ ㄇㄤˊ,水勢浩大無邊的樣子。唐．杜甫．城上詩：「風吹花片片，春動水茫茫。」廣大無邊的樣子。唐．杜甫．宿花石戍詩：「茫茫天造間，理亂豈恆數。」唐．白居易．長恨歌：「上窮碧落下黃泉，兩處茫茫皆不見。」不明的樣子。宋．蘇軾．江城子．十年生死兩茫茫詞：「十年生死兩茫茫，不思量、自難忘。」目視不明的樣子。唐．韓愈．祭十二郎文：「吾年未四十，而視茫茫，而髮蒼蒼。」
漭漭,mǎng mǎng,ㄇㄤˇ ㄇㄤˇ,形容廣大無邊的水域。文選．宋玉．高唐賦：「涉漭漭，馳苹苹。」
漭漾,NA,NA,"NA"
莽蒼,mǎng cāng,ㄇㄤˇ ㄘㄤ,郊野蒼茫廣大的景色。莊子．逍遙遊：「適莽蒼者三餐而反，腹猶果然。」宋．陸游．哀郢詩二首之一：「章華歌舞終蕭瑟，雲夢風煙舊莽蒼。」
酕醄,NA,NA,"NA"
毷氉,mào zào,ㄇㄠˋ ㄗㄠˋ,煩悶。唐．韋莊．買酒不得詩：「停尊待爾怪來遲，手挈空缾毷氉歸。」
瞀瞀,NA,NA,"NA"
塺塺,NA,NA,"NA"
媒媒,NA,NA,"NA"
徾徾,NA,NA,"NA"
枚枚,méi méi,ㄇㄟˊ ㄇㄟˊ,細密。詩經．魯頌．閟宮：「閟宮有侐，實實枚枚。」
梅梅,NA,NA,"NA"
玫瑰,méi gui,ㄇㄟˊ ˙ㄍㄨㄟ,植物名。薔薇科薔薇屬，直立灌木。幹健壯，密生有剛毛及刺。葉互生，呈橢圓形以至橢圓狀倒卵形，邊緣有鋸齒，表面暗綠色有光澤。花單生或數朵聚生，有紅、白、黃等顏色。果實扁球形，紅磚色，一般供觀賞，果實可食，花可製香水及藥用。亦稱為「刺客」。一種赤色的美石。文選．司馬相如．子虛賦：「其石則赤玉玫瑰，琳玟昆吾。」
腜腜,NA,NA,"NA"
莓莓,méi méi,ㄇㄟˊ ㄇㄟˊ,茂盛肥美的樣子。文選．左思．魏都賦：「蘭渚莓莓，石瀨湯湯。」北周．庾信．奉和趙王喜雨詩：「厥田終上上，原野自莓莓。」
浼浼,měi měi,ㄇㄟˇ ㄇㄟˇ,水勢盛大，與兩岸齊平。詩經．邶風．新臺：「新臺有洒，河水浼浼。」
昧昧,mèi mèi,ㄇㄟˋ ㄇㄟˋ,昏暗不明。楚辭．屈原．九章．懷沙：「進路北次兮，日昧昧其將暮。」渺茫。北周．庾信．小園賦：「諒天造兮昧昧，嗟生民兮渾渾。」深思。書經．秦誓：「我皇多有之，昧昧我思之。」
昧莫,NA,NA,"NA"
悶悶,mèn mèn,ㄇㄣˋ ㄇㄣˋ,憂鬱。初刻拍案驚奇．卷二；「新來的媳婦，摸頭路不著，沒個是處，終日悶悶過了。」五代史平話．梁史．卷上：「黃巢見金榜無名，悶悶不已。」寬大。老子．第五十八章：「其政悶悶，其民淳淳。」渾噩。老子．第二十章：「俗人察察，我獨悶悶。」
幪幪,měng měng,ㄇㄥˇ ㄇㄥˇ,茂盛的樣子。詩經．大雅．生民：「麻麥幪幪，瓜瓞唪唪。」
濛濛,méng méng,ㄇㄥˊ ㄇㄥˊ,昏暗不明。漢書．卷一○○．敘傳上：「昒昕寤而仰思兮，心蒙蒙猶未察。」萌生。大戴禮記．夏小正：「日冬至，陽氣至始動，諸向生皆蒙蒙符矣。」形容多而密布的樣子。楚辭．東方朔．七諫．自悲：「何青雲之流瀾兮，微霜降之蒙蒙。」昏暗不明。引申為不明理、不開通。文選．班固．幽通賦：「昒昕寤而仰思兮，心矇矇猶未察。」形容水氣綿細密布的樣子。晉．陶淵明．停雲詩：「靄靄停雲，濛濛時雨。」三國演義．第一○○回：「三將不能相顧，只管亂撞，但見愁雲漠漠，慘霧濛濛。」迷茫不清的樣子。唐．白居易．江夜舟行詩：「煙澹月濛濛，舟行夜色中。」唐．岑參．與高適薛據登慈恩寺浮圖詩：「五陵北原上，萬古青濛濛。」
瞢騰,méng téng,ㄇㄥˊ ㄊㄥˊ,神智不清的樣子。清．俞陛雲．浣溪沙．風皺柔懷水不如詞：「文梁斜日燕窺書，瞢騰渾不信當初。」半醉半醒的樣子。清．俞樾．金縷曲．次女繡孫詞：「算春來瞢騰一醉，綠陰如許。」
艨艟,méng tóng,ㄇㄥˊ ㄊㄨㄥˊ,一種古代戰艦。南史．卷五十五．蔡道恭傳：「魏軍攻之，晝夜不息，乃作大車載土，四面俱前，欲以填塹。道恭塹內列艨艟鬥艦以待之。」三國演義．第三十八回：「陳就、鄧龍各引一隊艨艟截住沔口，艨艟上各設強弩千餘張。」近戰艦、戰船見「蒙衝」條。
䴌䴀,NA,NA,"NA"
蠓蠛,NA,NA,"NA"
瀰瀰,NA,NA,"NA"
瀰漫,NA,NA,"NA"
孟浪,mèng làng,ㄇㄥˋ ㄌㄤˋ,言行輕率、冒失。莊子．齊物論：「夫子以為孟浪之言，而我以為妙道之行也。」聊齋志異．卷十．葛巾：「偃臥空齋，自悔孟浪。」近鹵莽、輕率
蘼蕪,mí wú,ㄇㄧˊ ㄨˊ,植物名。繖形科假蛇床子屬，多年生草本。莖高尺許，葉為羽狀複葉，以芹葉而分裂更細，風乾後可以做香料。花白色。古人相信蘼蕪可使婦人多子。亦稱為「江蘺」、「茳蘺」。
迷密,NA,NA,"NA"
孊密,NA,NA,"NA"
羋,NA,NA,"NA"
濔濔,mǐ mǐ,ㄇㄧˇ ㄇㄧˇ,眾多的樣子。詩經．齊風．載驅：「四驪濟濟，垂轡濔濔。」
密勿,mì wù,ㄇㄧˋ ㄨˋ,勤奮努力。宋書．卷四十二．劉穆之傳：「密勿軍國，心力俱盡。」慎密、機密。三國志．卷十六．魏書．杜畿傳：「與聞政事密勿大臣，寧有懇懇憂此者乎？」唐．李德裕．謝賜讓官批答狀：「承訏俞之命，或慮闕遺，奉密勿之機，實憂不逮。」
黽勉,mǐn miǎn,ㄇㄧㄣˇ ㄇㄧㄢˇ,勉勵、努力。詩經．邶風．谷風：「黽勉同心，不宜有怒。」明．陸世廉．西臺記．第四齣：「掉行不顧，從萬死一生中，黽勉經營，不遺餘力。」或作「僶勉」、「僶俛」。
幎歷,NA,NA,"NA"
沕潏,NA,NA,"NA"
沕穆,wù mù,ㄨˋ ㄇㄨˋ,沉穩婉約的樣子。史記．卷八十四．屈原賈生傳：「沕穆無窮兮，胡可勝言！」司馬貞．索隱：「沕穆，深微之貌。」唐．李白．明堂賦：「淳風沕穆，鴻恩滂洋。」
矊眇,NA,NA,"NA"
渺茫,miǎo máng,ㄇㄧㄠˇ ㄇㄤˊ,遼遠而不易見。唐．白居易．長恨歌：「含情凝睇謝君王，一別音容兩渺茫。」近迷茫、蒼茫
渺漫,NA,NA,"NA"
渺瀰,NA,NA,"NA"
渺渺,miǎo miǎo,ㄇㄧㄠˇ ㄇㄧㄠˇ,遼闊而蒼茫的樣子。唐．劉長卿．平蕃曲三首之一：「渺渺戍煙孤，茫茫塞草枯。」元．汪宗臣．蝶戀花．年去年來來去早詞：「千里瀟湘煙渺渺，不記彫梁，舊日恩多少。」
眇眇,miǎo miǎo,ㄇㄧㄠˇ ㄇㄧㄠˇ,眼睛美麗動人的樣子。楚辭．屈原．九歌．湘夫人：「帝子降兮北渚，目眇眇兮愁予，嫋嫋兮秋風，洞庭波兮木葉下。」微小的樣子。後漢書．卷二．顯宗孝明帝紀：「光武皇帝建三朝之禮，而未及臨饗。眇眇小子屬當聖業。」高遠的樣子。文選．揚雄．甘泉賦：「徒徊徊以徨徨兮，魂眇眇而昏亂。」
蔑蒙,miè méng,ㄇㄧㄝˋ ㄇㄥˊ,疾速飛揚的樣子。史記．卷一一七．司馬相如傳：「糾蓼叫奡蹋以艐路兮，蔑蒙踊躍騰而狂趡。」借指雲、霧等。後漢書．卷五十九．張衡傳：「涉清霄而升遐兮，浮蔑蒙而上征。」
忞忞,mín mín,ㄇㄧㄣˊ ㄇㄧㄣˊ,心中所不了解的。漢．揚雄．法言．問神：「傳千里之忞忞者，莫如書。」
旼旼,mín mín,ㄇㄧㄣˊ ㄇㄧㄣˊ,和樂。文選．司馬相如．封禪文：「旼旼穆穆，君子之態。」文選．左思．魏都賦：「旼旼率土，遷善罔匱。」
泯泯,mǐn mǐn,ㄇㄧㄣˇ ㄇㄧㄣˇ,昏昧的樣子。書經．呂刑：「民興胥漸，泯泯棼棼。」紛亂的樣子。漢書．卷一○○．敘傳下：「泯泯群黎，化為良吏。」水清。唐．杜甫．漫成詩：「野日荒荒白，春流泯泯清。」
湣湣,mǐn mǐn,ㄇㄧㄣˇ ㄇㄧㄣˇ,混亂的樣子。楚辭．東方朔．七諫．沉江：「處湣湣之濁世兮，今安所達乎吾志。」
閔閔,mǐn mǐn,ㄇㄧㄣˇ ㄇㄧㄣˇ,祈求關愛、憂慮的樣子。左傳．昭公三十二年：「閔閔焉如農夫之望歲，懼以待時。」宋．蘇軾．稼說送張琥：「其平居所以自養，而不敢輕用以待其成者，閔閔焉如嬰兒之望長也。」
暝暝,NA,NA,"NA"
溟沐,míng mù,ㄇㄧㄥˊ ㄇㄨˋ,細雨的樣子。漢．揚雄．太玄經．卷一．少卦：「上九，密雨溟沐，潤于枯瀆，三日射谷。」逐漸潤澤。
溟漭,míng mǎng,ㄇㄧㄥˊ ㄇㄤˇ,廣大無際的樣子。晉．郭璞．江賦：「流映楊焆，溟漭渺面。」
溟涬,NA,NA,"NA"
瞑眩,miàn xuàn,ㄇㄧㄢˋ ㄒㄩㄢˋ,服藥後產生頭暈目眩的反應。書經．說命：「若藥弗瞑眩，厥疾弗瘳。」
茗邈,NA,NA,"NA"
螟蛉,míng líng,ㄇㄧㄥˊ ㄌㄧㄥˊ,動物名。一種害蟲。節肢動物門昆蟲綱。其類別甚多。亦稱為「青蟲」。蜾蠃常捕捉螟蛉來飼養其子，古人誤以為蜾蠃養螟蛉為己子，後因稱養子為「螟蛉」。詩經．小雅．小宛：「螟蛉有子，蜾蠃負之。」三國演義．第三十六回：「兄長既有子，何必用螟蛉。」
酩酊,mǐng dǐng,ㄇㄧㄥˇ ㄉㄧㄥˇ,大醉的樣子。唐．杜牧．九日齊山登高詩：「塵世難逢開口笑，菊花須插滿頭歸。但將酩酊酬佳節，不用登臨歎落暉。」五代史平話．梁史．卷上：「勸君終日酩酊醉，酒不到劉伶墳上土。」
摩何,NA,NA,"NA"
模糊,mó hu,ㄇㄛˊ ˙ㄏㄨ,不清楚、不明顯。文明小史．第十七回：「誰知除了眼鏡，兩眼模糊，反辨不出那人的面目。」近迷糊、含糊、含混、隱晦反明確、明晰、分明、精確、清晰、清醒、清楚、曉暢、鮮明亦作「糢糊」。不清楚、不明顯。文明小史．第四十八回：「燈光之下，人影糢糊。」亦作「模糊」。
眽眽,mò mò,ㄇㄛˋ ㄇㄛˋ,眼神含情，相視不語的樣子。唐．白居易．與元九書：「聞僕哭孔戡詩，眾面眽眽。」如：「眽眽含情」。亦作「脈脈」。
鏌釾,mò yé,ㄇㄛˋ ㄧㄝˊ,古代的寶劍。後漢書．卷五十二．崔駰傳：「選利器於良材，求鏌釾於明智。」幼學瓊林．卷十三．器用類：「劍有干將、鏌釾。」見「莫邪」條。
靺鞨,mò hé,ㄇㄛˋ ㄏㄜˊ,我國古代民族之一。屬通古斯族，周代稱為「肅慎」，漢魏稱為「挹婁」，隋唐稱為「靺鞨」，分布在今松花江、牡丹江流域及黑龍江中下游。從事農業，擅養豬，兼狩獵和漁業。後為女真，宋時建立金國，為蒙古所滅。
默默,mò mò,ㄇㄛˋ ㄇㄛˋ,沉靜不說話。楚辭．王逸．卜居：「讒人高張，賢士無名，吁嗟默默兮，誰知吾之廉貞？」明．歸有光．項脊軒志：「吾兒！久不見若影，何竟日默默在此，大類女郎也？」近悄悄、沉默、沉靜反喋喋不得意的樣子。漢書．卷四十八．賈誼傳：「吁嗟默默，生之無故兮！」暗地裡。紅樓夢．第五十六回：「（寶玉）​心中悶悶，回至房中榻上，默默盤算，不覺就忽忽的睡去。」
恈恈,NA,NA,"NA"
苜蓿,mù sù,ㄇㄨˋ ㄙㄨˋ,植物名。豆科苜蓿屬，二年生草本。葉互生，有柄，小葉倒卵形或倒心臟形，先端圓形或凹入。春天由葉腋抽花梗，開黃色蝶形花。莢果螺旋形，邊緣具毛狀突起。可供蔬食、飼料、肥料等用。或稱為「光風」、「懷風」、「金花菜」、「草頭」。
